City/Town,Ward,Pct,"Elizabeth M. Ready",Write-Ins,Blanks,"Total Votes Cast"
,,,
Addison,,,80,2,0,82
Albany,,,36,0,0,36
Alburgh,,,33,0,0,33
Andover,,,29,0,0,29
Arlington,,,81,0,0,81
Athens,,,12,0,0,12
Bakersfield,,,39,1,0,40
Baltimore,,,12,0,0,12
Barnard,,,51,0,0,51
Barnet,,,41,1,0,42
"Barre City",-,"Washington 3-1",115,6,0,121
"Barre City",-,"Washington 3-2",75,0,0,75
"Barre City",-,"Washington 3-3",18,0,0,18
"Barre Town",,,287,6,0,293
Barton,-,"Barton Memorial",67,0,0,67
Barton,-,"Orleans Memorial",29,1,0,30
Belvidere,,,6,1,0,7
Bennington,-,"Bennington 2-1",104,0,0,104
Bennington,-,"Bennington 2-1 Nb",55,3,0,58
Bennington,-,"Bennington 2-2",122,4,0,126
Bennington,-,"Bennington 5",5,0,0,5
Benson,,,33,0,0,33
Berkshire,,,31,2,0,33
Berlin,,,69,0,0,69
Bethel,,,124,3,0,127
Bloomfield,,,9,0,0,9
Bolton,,,45,0,0,45
Bradford,,,280,13,0,293
Braintree,,,38,0,0,38
Brandon,,,47,0,0,47
Brattleboro,-,"Windham 3-1",265,0,0,265
Brattleboro,-,"Windham 3-2",247,3,0,250
Brattleboro,-,"Windham 3-3",292,4,0,296
Bridgewater,,,44,0,0,44
Bridport,,,88,3,0,91
Brighton,,,37,0,0,37
Bristol,,,180,4,0,184
Brookfield,,,85,0,0,85
Brookline,,,23,0,0,23
Brownington,,,29,0,0,29
Brunswick,,,6,0,0,6
Burke,,,27,0,0,27
Burlington,-,"Chittenden 3-1",422,2,0,424
Burlington,-,"Chittenden 3-2",192,1,0,193
Burlington,-,"Chittenden 3-3",244,2,0,246
Burlington,-,"Chittenden 3-4",196,1,0,197
Burlington,-,"Chittenden 3-5",532,2,0,534
Burlington,-,"Chittenden 3-6",75,1,0,76
Cabot,,,68,2,0,70
Calais,,,250,1,0,251
Cambridge,,,72,1,0,73
Canaan,,,21,0,0,21
Castleton,,,53,1,0,54
Cavendish,,,60,0,0,60
Charleston,,,13,0,0,13
Charlotte,,,373,3,0,376
Chelsea,,,39,1,0,40
Chester,,,133,0,0,133
Chittenden,,,33,0,0,33
Clarendon,,,104,1,0,105
Colchester,-,"Chittenden 7-1",114,0,0,114
Colchester,-,"Chittenden 7-2",120,6,0,126
Concord,,,21,0,0,21
Corinth,,,76,1,0,77
Cornwall,,,116,3,0,119
Coventry,,,21,0,0,21
Craftsbury,,,67,2,0,69
Danby,,,81,3,0,84
Danville,,,68,0,0,68
Derby,,,88,0,0,88
Dorset,,,59,0,0,59
Dover,,,34,3,0,37
Dummerston,,,119,0,0,119
Duxbury,,,62,0,0,62
"E. Haven",,,3,0,0,3
"E. Montpelier",,,112,1,0,113
Eden,,,22,1,0,23
Elmore,,,40,0,0,40
Enosburgh,,,78,1,0,79
Essex,-,"Chittenden 6-1",176,2,0,178
Essex,-,"Chittenden 6-2",225,1,0,226
Essex,-,"Chittenden 6-3",76,1,0,77
"Fair Haven",,,49,0,0,49
Fairfax,,,90,1,0,91
Fairfield,,,64,4,0,68
Fairlee,,,78,0,0,78
Fayston,,,39,0,0,39
Ferrisburgh,,,138,2,0,140
Fletcher,,,28,0,0,28
Franklin,,,34,0,0,34
Georgia,,,69,1,0,70
Glover,,,36,0,0,36
Goshen,,,28,0,0,28
Grafton,,,39,0,0,39
Granby,,,1,0,0,1
"Grand Isle",,,87,1,0,88
Granville,,,8,0,0,8
Greensboro,,,63,0,0,63
Groton,,,27,1,0,28
Guildhall,,,4,0,0,4
Guilford,,,125,1,0,126
Halifax,,,24,1,0,25
Hancock,,,14,0,0,14
Hardwick,,,142,2,0,144
Hartford,-,"Windsor 6-1",44,0,0,44
Hartford,-,"Windsor 6-2",207,3,0,210
Hartland,,,157,0,0,157
Highgate,,,54,1,0,55
Hinesburg,-,"Chittenden 1-1",177,2,0,179
Hinesburg,-,"Chittenden 1-2",12,0,0,12
Holland,,,11,0,0,11
Hubbardton,,,11,0,0,11
Huntington,,,114,0,0,114
"Hyde Park",,,76,1,0,77
Ira,-,"Rutland Rutland 1-1",0,0,0,0
Ira,-,"Rutland Rutland 1-2",5,0,0,5
Irasburg,,,50,0,0,50
"Isle La Motte",,,31,0,0,31
Jamaica,,,27,0,0,27
Jay,,,12,0,0,12
Jericho,,,209,0,0,209
Johnson,,,73,3,0,76
Killington,,,32,1,0,33
Kirby,,,8,1,0,9
Landgrove,,,12,0,0,12
Leicester,,,43,2,0,45
Lemington,,,1,0,0,1
Lincoln,,,131,3,0,134
Londonderry,,,48,0,0,48
Lowell,,,23,0,0,23
Ludlow,,,84,1,0,85
Lunenburg,,,15,0,0,15
Lyndon,,,81,2,0,83
Maidstone,,,2,0,0,2
Manchester,,,114,1,0,115
Marlboro,,,108,0,0,108
Marshfield,,,121,2,0,123
Mendon,,,49,0,0,49
Middlebury,,,414,4,0,418
Middlesex,,,66,1,0,67
"Middletown Springs",,,83,0,0,83
Milton,-,"Chittenden 9",248,1,0,249
Milton,-,"Grand Isle-Chittenden 1-1",42,0,0,42
Monkton,,,97,1,0,98
Montgomery,,,46,2,0,48
Montpelier,,,562,13,0,575
Moretown,,,44,0,0,44
Morgan,,,19,0,0,19
Morristown,,,120,3,0,123
"Mount Holly",,,52,1,0,53
"Mount Tabor",,,10,0,0,10
"New Haven",,,272,4,0,276
Newark,,,14,0,0,14
Newbury,-,"Center Town House",12,0,0,12
Newbury,-,"Town Office",82,0,0,82
Newbury,-,"West River Village",28,0,0,28
Newfane,,,127,2,0,129
"Newport City",,,105,4,0,109
"Newport Town",,,43,0,0,43
"N. Hero",,,28,1,0,29
Northfield,,,120,0,0,120
Norton,,,7,0,0,7
Norwich,,,373,2,0,375
Orange,,,14,0,0,14
Orwell,,,50,4,0,54
Panton,,,33,3,0,36
Pawlet,,,120,0,0,120
Peacham,,,52,0,0,52
Peru,,,23,0,0,23
Pittsfield,,,18,0,0,18
Pittsford,,,74,1,0,75
Plainfield,,,113,2,0,115
Plymouth,,,13,0,0,13
Pomfret,,,58,0,0,58
Poultney,,,49,0,0,49
Pownal,,,117,0,0,117
Proctor,,,42,0,0,42
Putney,,,183,0,0,183
Randolph,,,218,2,0,220
Reading,,,51,0,0,51
Readsboro,,,23,0,0,23
Richford,,,54,0,0,54
Richmond,,,195,1,0,196
Ripton,,,60,2,0,62
Rochester,,,104,4,0,108
Rockingham,,,308,3,0,311
Roxbury,,,20,0,0,20
Royalton,,,130,0,0,130
Rupert,,,48,1,0,49
"Rutland City",-,"Rutland 5-1",139,4,0,143
"Rutland City",-,"Rutland 5-2",100,3,0,103
"Rutland City",-,"Rutland 5-3",64,2,0,66
"Rutland City",-,"Rutland 5-4",79,0,0,79
"Rutland Town",,,140,0,0,140
Ryegate,,,42,0,0,42
Salisbury,,,64,1,0,65
Sandgate,,,27,0,0,27
Searsburg,,,4,0,0,4
Shaftsbury,,,164,0,0,164
Sharon,,,64,1,0,65
Sheffield,,,21,0,0,21
Shelburne,-,"Chittenden 5-1",248,4,0,252
Shelburne,-,"Chittenden 5-2",127,3,0,130
Sheldon,,,42,0,0,42
Shoreham,,,68,0,0,68
Shrewsbury,,,62,1,0,63
"S. Burlington",-,"Chittenden 3-10",134,2,0,136
"S. Burlington",-,"Chittenden 3-7",226,4,0,230
"S. Burlington",-,"Chittenden 3-8",212,1,0,213
"S. Burlington",-,"Chittenden 3-9",158,0,0,158
"S. Hero",,,108,1,0,109
Springfield,-,"Windsor 1-1",4,0,0,4
Springfield,-,"Windsor 1-2",327,1,0,328
"St. Albans City",,,180,5,0,185
"St. Albans Town",,,98,1,0,99
"St. George",,,21,0,0,21
"St. Johnsbury",,,135,1,0,136
Stamford,,,26,0,0,26
Stannard,,,17,1,0,18
Starksboro,,,81,0,0,81
Stockbridge,,,54,3,0,57
Stowe,,,113,1,0,114
Strafford,,,85,0,0,85
Stratton,,,5,0,0,5
Sudbury,,,22,2,0,24
Sunderland,,,28,0,0,28
Sutton,,,19,0,0,19
Swanton,,,118,2,0,120
Thetford,,,157,0,0,157
Tinmouth,,,41,0,0,41
Topsham,,,21,0,0,21
Townshend,,,65,0,0,65
Troy,,,33,0,0,33
Tunbridge,,,47,0,0,47
Underhill,,,264,1,0,265
Vergennes,,,113,7,0,120
Vernon,,,59,1,0,60
Vershire,,,33,0,0,33
Victory,,,6,0,0,6
Waitsfield,,,93,0,0,93
Walden,,,44,0,0,44
Wallingford,,,58,0,0,58
Waltham,,,36,0,0,36
Wardsboro,,,24,0,0,24
Warren,,,73,2,0,75
Washington,,,30,0,0,30
Waterbury,,,220,1,0,221
Waterford,,,20,0,0,20
Waterville,,,19,0,0,19
Weathersfield,,,154,0,0,154
Wells,,,42,0,0,42
"W. Fairlee",,,60,0,0,60
"W. Haven",,,5,0,0,5
"W. Rutland",,,40,0,0,40
"W. Windsor",,,53,1,0,54
Westfield,,,18,1,0,19
Westford,,,55,0,0,55
Westminster,-,Windham-4,14,1,0,15
Westminster,-,Windham-5,216,3,0,219
Westmore,,,20,0,0,20
Weston,,,36,0,0,36
Weybridge,,,81,0,0,81
Wheelock,,,20,0,0,20
Whiting,,,24,0,0,24
Whitingham,,,32,0,0,32
Williamstown,,,61,2,0,63
Williston,,,302,3,0,305
Wilmington,,,54,0,0,54
Windham,,,32,0,0,32
Windsor,,,202,0,0,202
Winhall,,,26,2,0,28
Winooski,,,217,1,0,218
Wolcott,,,50,1,0,51
Woodbury,,,55,0,0,55
Woodford,,,17,0,0,17
Woodstock,,,205,0,0,205
Worcester,,,52,2,0,54
TOTALS,,,"23,692",273,0,"23,965"
