City/Town,Ward,Pct,"Dennis Carver","Sylvia R. Kennedy","Karen Kerin",Write-Ins,Blanks,"Total Votes Cast"
,,,,,
Addison,,,17,19,4,2,0,42
Albany,,,50,15,9,5,0,79
Alburgh,,,21,11,4,0,0,36
Andover,,,9,1,9,2,0,21
Arlington,,,14,73,6,1,0,94
Athens,,,5,0,6,0,0,11
Bakersfield,,,14,3,5,1,0,23
Baltimore,,,5,2,1,0,0,8
Barnard,,,10,5,7,0,0,22
Barnet,,,23,8,9,2,0,42
"Barre City",-,"Washington 3-1",40,27,13,1,0,81
"Barre City",-,"Washington 3-2",28,12,7,4,0,51
"Barre City",-,"Washington 3-3",5,1,0,0,0,6
"Barre Town",,,367,136,99,30,0,632
Barton,-,"Barton Memorial",36,16,11,27,0,90
Barton,-,"Orleans Memorial",42,30,14,21,0,107
Belvidere,,,8,7,2,0,0,17
Bennington,-,"Bennington 2-1",11,51,4,0,0,66
Bennington,-,"Bennington 2-1 Nb",2,5,1,0,0,8
Bennington,-,"Bennington 2-2",4,43,3,0,0,50
Bennington,-,"Bennington 5",1,7,1,0,0,9
Benson,,,6,11,2,1,0,20
Berkshire,,,10,8,2,1,0,21
Berlin,,,16,18,10,5,0,49
Bethel,,,20,11,19,5,0,55
Bloomfield,,,5,1,1,0,0,7
Bolton,,,11,4,1,0,0,16
Bradford,,,42,24,14,7,0,87
Braintree,,,6,13,9,1,0,29
Brandon,,,62,26,23,3,0,114
Brattleboro,-,"Windham 3-1",33,20,13,2,0,68
Brattleboro,-,"Windham 3-2",21,15,6,3,0,45
Brattleboro,-,"Windham 3-3",14,7,7,1,0,29
Bridgewater,,,13,10,10,1,0,34
Bridport,,,25,29,2,1,0,57
Brighton,,,26,8,8,2,0,44
Bristol,,,58,31,21,4,0,114
Brookfield,,,5,10,7,0,0,22
Brookline,,,13,4,4,0,0,21
Brownington,,,10,9,2,0,0,21
Brunswick,,,4,0,1,0,0,5
Burke,,,17,10,2,1,0,30
Burlington,-,"Chittenden 3-1",89,67,24,3,0,183
Burlington,-,"Chittenden 3-2",26,28,15,7,0,76
Burlington,-,"Chittenden 3-3",30,15,8,0,0,53
Burlington,-,"Chittenden 3-4",14,11,7,1,0,33
Burlington,-,"Chittenden 3-5",37,33,18,0,0,88
Burlington,-,"Chittenden 3-6",2,3,3,0,0,8
Cabot,,,4,3,3,0,0,10
Calais,,,16,6,0,0,0,22
Cambridge,,,15,13,7,6,0,41
Canaan,,,12,9,8,1,0,30
Castleton,,,25,25,11,1,0,62
Cavendish,,,9,17,7,2,0,35
Charleston,,,14,8,6,0,0,28
Charlotte,,,29,24,9,1,0,63
Chelsea,,,23,13,8,1,0,45
Chester,,,37,28,13,1,0,79
Chittenden,,,13,11,4,1,0,29
Clarendon,,,51,37,22,1,0,111
Colchester,-,"Chittenden 7-1",30,24,7,0,0,61
Colchester,-,"Chittenden 7-2",41,19,13,1,0,74
Concord,,,18,2,2,0,0,22
Corinth,,,20,10,3,0,0,33
Cornwall,,,14,8,5,2,0,29
Coventry,,,29,20,15,6,0,70
Craftsbury,,,39,14,6,7,0,66
Danby,,,14,41,8,3,0,66
Danville,,,49,14,6,4,0,73
Derby,,,55,38,19,17,0,129
Dorset,,,12,72,2,0,0,86
Dover,,,23,7,7,0,0,37
Dummerston,,,6,7,3,0,0,16
Duxbury,,,15,18,2,2,0,37
"E. Haven",,,5,0,2,0,0,7
"E. Montpelier",,,43,22,4,2,0,71
Eden,,,6,7,1,1,0,15
Elmore,,,19,6,1,2,0,28
Enosburgh,,,22,14,7,3,0,46
Essex,-,"Chittenden 6-1",43,45,13,0,0,101
Essex,-,"Chittenden 6-2",64,61,26,3,0,154
Essex,-,"Chittenden 6-3",9,16,7,0,0,32
"Fair Haven",,,27,22,11,8,0,68
Fairfax,,,32,7,15,4,0,58
Fairfield,,,21,12,7,6,0,46
Fairlee,,,10,17,3,1,0,31
Fayston,,,5,3,4,0,0,12
Ferrisburgh,,,48,24,13,3,0,88
Fletcher,,,5,3,2,0,0,10
Franklin,,,26,13,3,1,0,43
Georgia,,,37,20,15,2,0,74
Glover,,,26,15,13,9,0,63
Goshen,,,6,6,5,1,0,18
Grafton,,,9,6,5,0,0,20
Granby,,,9,3,1,0,0,13
"Grand Isle",,,36,26,18,8,0,88
Granville,,,2,0,2,0,0,4
Greensboro,,,20,6,4,1,0,31
Groton,,,31,4,7,1,0,43
Guildhall,,,14,4,1,0,0,19
Guilford,,,17,13,4,0,0,34
Halifax,,,14,6,2,1,0,23
Hancock,,,3,2,4,3,0,12
Hardwick,,,38,12,7,3,0,60
Hartford,-,"Windsor 6-1",6,6,7,0,0,19
Hartford,-,"Windsor 6-2",28,13,25,3,0,69
Hartland,,,24,20,22,0,0,66
Highgate,,,23,17,6,2,0,48
Hinesburg,-,"Chittenden 1-1",18,21,7,2,0,48
Hinesburg,-,"Chittenden 1-2",0,0,0,0,0,0
Holland,,,9,4,4,1,0,18
Hubbardton,,,9,2,6,1,0,18
Huntington,,,6,4,7,1,0,18
"Hyde Park",,,12,19,7,4,0,42
Ira,-,"Rutland Rutland 1-1",0,0,0,0,0,0
Ira,-,"Rutland Rutland 1-2",2,4,0,1,0,7
Irasburg,,,38,12,7,8,0,65
"Isle La Motte",,,5,3,4,1,0,13
Jamaica,,,11,14,3,1,0,29
Jay,,,3,3,2,0,0,8
Jericho,,,30,46,7,0,0,83
Johnson,,,27,14,7,0,0,48
Killington,,,9,11,3,0,0,23
Kirby,,,16,3,2,2,0,23
Landgrove,,,1,7,0,0,0,8
Leicester,,,22,9,5,0,0,36
Lemington,,,2,3,1,0,0,6
Lincoln,,,20,9,7,0,0,36
Londonderry,,,10,18,5,2,0,35
Lowell,,,7,3,4,2,0,16
Ludlow,,,44,31,18,1,0,94
Lunenburg,,,16,7,4,2,0,29
Lyndon,,,60,25,9,3,0,97
Maidstone,,,3,1,3,0,0,7
Manchester,,,20,139,8,0,0,167
Marlboro,,,5,4,5,0,0,14
Marshfield,,,15,2,2,4,0,23
Mendon,,,22,13,13,2,0,50
Middlebury,,,55,50,13,2,0,120
Middlesex,,,15,7,2,0,0,24
"Middletown Springs",,,10,6,4,0,0,20
Milton,-,"Chittenden 9",92,74,29,3,0,198
Milton,-,"Grand Isle-Chittenden 1-1",19,22,1,0,0,42
Monkton,,,14,18,8,0,0,40
Montgomery,,,5,3,1,1,0,10
Montpelier,,,57,32,25,8,0,122
Moretown,,,17,11,2,2,0,32
Morgan,,,10,4,6,3,0,23
Morristown,,,28,16,11,5,0,60
"Mount Holly",,,15,12,1,4,0,32
"Mount Tabor",,,1,1,0,0,0,2
"New Haven",,,113,48,25,8,0,194
Newark,,,2,5,1,0,0,8
Newbury,-,"Center Town House",21,7,7,0,0,35
Newbury,-,"Town Office",20,11,6,1,0,38
Newbury,-,"West River Village",19,5,5,0,0,29
Newfane,,,10,8,2,0,0,20
"Newport City",,,89,54,34,29,0,206
"Newport Town",,,22,24,8,4,0,58
"N. Hero",,,14,10,8,5,0,37
Northfield,,,34,27,19,4,0,84
Norton,,,4,2,0,1,0,7
Norwich,,,11,8,12,0,0,31
Orange,,,16,4,5,2,0,27
Orwell,,,19,15,8,3,0,45
Panton,,,12,5,3,0,0,20
Pawlet,,,16,49,0,1,0,66
Peacham,,,13,9,3,0,0,25
Peru,,,1,11,0,0,0,12
Pittsfield,,,9,5,7,0,0,21
Pittsford,,,27,10,5,0,0,42
Plainfield,,,13,3,2,3,0,21
Plymouth,,,9,5,4,0,0,18
Pomfret,,,11,5,15,1,0,32
Poultney,,,31,22,6,0,0,59
Pownal,,,6,23,1,0,0,30
Proctor,,,15,9,2,0,0,26
Putney,,,9,15,3,1,0,28
Randolph,,,31,42,29,2,0,104
Reading,,,8,7,4,0,0,19
Readsboro,,,11,11,5,0,0,27
Richford,,,13,7,4,0,0,24
Richmond,,,40,30,10,1,0,81
Ripton,,,3,5,3,0,0,11
Rochester,,,15,9,5,7,0,36
Rockingham,,,40,26,27,1,0,94
Roxbury,,,5,4,2,1,0,12
Royalton,,,30,23,26,0,0,79
Rupert,,,9,21,1,0,0,31
"Rutland City",-,"Rutland 5-1",26,35,15,2,0,78
"Rutland City",-,"Rutland 5-2",29,26,16,0,0,71
"Rutland City",-,"Rutland 5-3",16,12,10,1,0,39
"Rutland City",-,"Rutland 5-4",23,36,14,0,0,73
"Rutland Town",,,153,147,59,0,0,359
Ryegate,,,18,8,6,0,0,32
Salisbury,,,18,10,5,1,0,34
Sandgate,,,4,14,4,0,0,22
Searsburg,,,3,7,0,0,0,10
Shaftsbury,,,34,130,16,20,0,200
Sharon,,,4,6,14,2,0,26
Sheffield,,,14,2,1,0,0,17
Shelburne,-,"Chittenden 5-1",55,31,19,2,0,107
Shelburne,-,"Chittenden 5-2",31,39,10,5,0,85
Sheldon,,,19,12,5,3,0,39
Shoreham,,,9,18,6,2,0,35
Shrewsbury,,,19,8,5,0,0,32
"S. Burlington",-,"Chittenden 3-10",27,17,9,0,0,53
"S. Burlington",-,"Chittenden 3-7",27,28,5,2,0,62
"S. Burlington",-,"Chittenden 3-8",36,40,7,2,0,85
"S. Burlington",-,"Chittenden 3-9",32,26,9,1,0,68
"S. Hero",,,28,16,9,4,0,57
Springfield,-,"Windsor 1-1",2,0,0,0,0,2
Springfield,-,"Windsor 1-2",69,38,42,3,0,152
"St. Albans City",,,50,37,16,17,0,120
"St. Albans Town",,,29,38,21,3,0,91
"St. George",,,4,1,0,1,0,6
"St. Johnsbury",,,64,50,13,6,0,133
Stamford,,,6,4,1,0,0,11
Stannard,,,0,4,0,0,0,4
Starksboro,,,17,6,1,0,0,24
Stockbridge,,,3,3,5,0,0,11
Stowe,,,28,12,7,1,0,48
Strafford,,,5,10,9,0,0,24
Stratton,,,2,10,0,0,0,12
Sudbury,,,6,3,1,1,0,11
Sunderland,,,1,24,0,0,0,25
Sutton,,,9,7,2,1,0,19
Swanton,,,52,26,13,13,0,104
Thetford,,,11,10,10,0,0,31
Tinmouth,,,9,7,3,0,0,19
Topsham,,,16,14,5,0,0,35
Townshend,,,13,5,4,0,0,22
Troy,,,5,6,1,1,0,13
Tunbridge,,,20,18,9,1,0,48
Underhill,,,48,51,14,0,0,113
Vergennes,,,23,20,7,6,0,56
Vernon,,,47,28,13,4,0,92
Vershire,,,7,5,3,0,0,15
Victory,,,1,0,1,0,0,2
Waitsfield,,,25,17,12,2,0,56
Walden,,,14,4,2,0,0,20
Wallingford,,,21,17,7,0,0,45
Waltham,,,1,4,3,0,0,8
Wardsboro,,,4,5,1,0,0,10
Warren,,,15,5,5,0,0,25
Washington,,,7,5,6,0,0,18
Waterbury,,,42,34,7,1,0,84
Waterford,,,24,9,3,0,0,36
Waterville,,,14,10,2,0,0,26
Weathersfield,,,31,16,23,1,0,71
Wells,,,10,24,4,0,0,38
"W. Fairlee",,,7,2,5,0,0,14
"W. Haven",,,4,4,3,1,0,12
"W. Rutland",,,17,19,10,1,0,47
"W. Windsor",,,18,9,7,3,0,37
Westfield,,,5,0,1,3,0,9
Westford,,,13,17,5,2,0,37
Westminster,-,Windham-4,1,3,2,0,0,6
Westminster,-,Windham-5,22,22,12,2,0,58
Westmore,,,0,1,1,0,0,2
Weston,,,5,12,2,0,0,19
Weybridge,,,10,8,3,0,0,21
Wheelock,,,15,4,5,0,0,24
Whiting,,,7,2,1,1,0,11
Whitingham,,,12,11,4,1,0,28
Williamstown,,,33,16,11,3,0,63
Williston,,,45,55,15,0,0,115
Wilmington,,,16,21,7,0,0,44
Windham,,,7,6,1,1,0,15
Windsor,,,27,16,25,2,0,70
Winhall,,,2,20,1,0,0,23
Winooski,,,22,20,9,5,0,56
Wolcott,,,5,1,1,0,0,7
Woodbury,,,22,4,2,2,0,30
Woodford,,,3,9,0,0,0,12
Woodstock,,,41,24,28,1,0,94
Worcester,,,15,0,3,1,0,19
TOTALS,,,"5,973","4,669","2,161",549,0,"13,352"
