City/Town,Ward,Pct,"Peter Clavelle",Write-Ins,Blanks,"Total Votes Cast"
,,,
Addison,,,66,5,0,71
Albany,,,37,1,0,38
Alburgh,,,30,4,0,34
Andover,,,29,1,0,30
Arlington,,,87,2,0,89
Athens,,,10,0,0,10
Bakersfield,,,37,3,0,40
Baltimore,,,11,1,0,12
Barnard,,,44,0,0,44
Barnet,,,45,1,0,46
"Barre City",-,"Washington 3-1",106,8,0,114
"Barre City",-,"Washington 3-2",73,5,0,78
"Barre City",-,"Washington 3-3",18,0,0,18
"Barre Town",,,263,28,0,291
Barton,-,"Barton Memorial",49,19,0,68
Barton,-,"Orleans Memorial",24,6,0,30
Belvidere,,,4,2,0,6
Bennington,-,"Bennington 2-1",100,5,0,105
Bennington,-,"Bennington 2-1 Nb",56,4,0,60
Bennington,-,"Bennington 2-2",117,7,0,124
Bennington,-,"Bennington 5",6,0,0,6
Benson,,,36,0,0,36
Berkshire,,,29,3,0,32
Berlin,,,59,3,0,62
Bethel,,,126,9,0,135
Bloomfield,,,9,0,0,9
Bolton,,,40,3,0,43
Bradford,,,262,45,0,307
Braintree,,,39,2,0,41
Brandon,,,179,13,0,192
Brattleboro,-,"Windham 3-1",259,4,0,263
Brattleboro,-,"Windham 3-2",264,8,0,272
Brattleboro,-,"Windham 3-3",301,17,0,318
Bridgewater,,,45,1,0,46
Bridport,,,72,9,0,81
Brighton,,,35,2,0,37
Bristol,,,166,15,0,181
Brookfield,,,78,2,0,80
Brookline,,,23,1,0,24
Brownington,,,26,2,0,28
Brunswick,,,6,0,0,6
Burke,,,22,2,0,24
Burlington,-,"Chittenden 3-1",369,37,0,406
Burlington,-,"Chittenden 3-2",180,12,0,192
Burlington,-,"Chittenden 3-3",247,21,0,268
Burlington,-,"Chittenden 3-4",203,6,0,209
Burlington,-,"Chittenden 3-5",535,24,0,559
Burlington,-,"Chittenden 3-6",64,7,0,71
Cabot,,,64,6,0,70
Calais,,,270,9,0,279
Cambridge,,,70,11,0,81
Canaan,,,22,1,0,23
Castleton,,,57,2,0,59
Cavendish,,,64,2,0,66
Charleston,,,13,1,0,14
Charlotte,,,370,8,0,378
Chelsea,,,40,3,0,43
Chester,,,137,2,0,139
Chittenden,,,32,0,0,32
Clarendon,,,94,9,0,103
Colchester,-,"Chittenden 7-1",121,6,0,127
Colchester,-,"Chittenden 7-2",116,9,0,125
Concord,,,23,0,0,23
Corinth,,,85,1,0,86
Cornwall,,,104,11,0,115
Coventry,,,24,1,0,25
Craftsbury,,,68,7,0,75
Danby,,,84,2,0,86
Danville,,,65,4,0,69
Derby,,,88,11,0,99
Dorset,,,59,0,0,59
Dover,,,31,6,0,37
Dummerston,,,119,2,0,121
Duxbury,,,67,2,0,69
"E. Haven",,,3,0,0,3
"E. Montpelier",,,118,2,0,120
Eden,,,19,4,0,23
Elmore,,,37,2,0,39
Enosburgh,,,65,7,0,72
Essex,-,"Chittenden 6-1",166,8,0,174
Essex,-,"Chittenden 6-2",204,18,0,222
Essex,-,"Chittenden 6-3",72,3,0,75
"Fair Haven",,,46,7,0,53
Fairfax,,,90,9,0,99
Fairfield,,,52,15,0,67
Fairlee,,,75,10,0,85
Fayston,,,41,1,0,42
Ferrisburgh,,,122,7,0,129
Fletcher,,,28,0,0,28
Franklin,,,28,5,0,33
Georgia,,,56,7,0,63
Glover,,,30,5,0,35
Goshen,,,26,0,0,26
Grafton,,,37,0,0,37
Granby,,,1,0,0,1
"Grand Isle",,,82,10,0,92
Granville,,,7,1,0,8
Greensboro,,,55,4,0,59
Groton,,,28,1,0,29
Guildhall,,,4,1,0,5
Guilford,,,123,7,0,130
Halifax,,,27,0,0,27
Hancock,,,9,2,0,11
Hardwick,,,139,11,0,150
Hartford,-,"Windsor 6-1",44,2,0,46
Hartford,-,"Windsor 6-2",216,14,0,230
Hartland,,,163,5,0,168
Highgate,,,52,7,0,59
Hinesburg,-,"Chittenden 1-1",185,4,0,189
Hinesburg,-,"Chittenden 1-2",10,0,0,10
Holland,,,8,2,0,10
Hubbardton,,,11,0,0,11
Huntington,,,112,1,0,113
"Hyde Park",,,64,6,0,70
Ira,-,"Rutland Rutland 1-1",0,0,0,0
Ira,-,"Rutland Rutland 1-2",4,1,0,5
Irasburg,,,45,6,0,51
"Isle La Motte",,,27,4,0,31
Jamaica,,,28,2,0,30
Jay,,,10,2,0,12
Jericho,,,205,5,0,210
Johnson,,,76,3,0,79
Killington,,,25,2,0,27
Kirby,,,11,0,0,11
Landgrove,,,11,1,0,12
Leicester,,,42,4,0,46
Lemington,,,1,0,0,1
Lincoln,,,128,2,0,130
Londonderry,,,46,4,0,50
Lowell,,,27,1,0,28
Ludlow,,,87,4,0,91
Lunenburg,,,16,4,0,20
Lyndon,,,84,3,0,87
Maidstone,,,2,2,0,4
Manchester,,,113,2,0,115
Marlboro,,,119,3,0,122
Marshfield,,,121,5,0,126
Mendon,,,42,1,0,43
Middlebury,,,398,17,0,415
Middlesex,,,76,2,0,78
"Middletown Springs",,,85,2,0,87
Milton,-,"Chittenden 9",221,18,0,239
Milton,-,"Grand Isle-Chittenden 1-1",36,0,0,36
Monkton,,,102,1,0,103
Montgomery,,,47,1,0,48
Montpelier,,,602,19,0,621
Moretown,,,49,2,0,51
Morgan,,,17,1,0,18
Morristown,,,110,17,0,127
"Mount Holly",,,57,1,0,58
"Mount Tabor",,,7,0,0,7
"New Haven",,,251,17,0,268
Newark,,,15,0,0,15
Newbury,-,"Center Town House",12,0,0,12
Newbury,-,"Town Office",81,4,0,85
Newbury,-,"West River Village",31,2,0,33
Newfane,,,125,3,0,128
"Newport City",,,89,20,0,109
"Newport Town",,,36,7,0,43
"N. Hero",,,29,0,0,29
Northfield,,,107,7,0,114
Norton,,,2,2,0,4
Norwich,,,408,9,0,417
Orange,,,10,3,0,13
Orwell,,,37,12,0,49
Panton,,,35,3,0,38
Pawlet,,,104,4,0,108
Peacham,,,53,1,0,54
Peru,,,27,0,0,27
Pittsfield,,,20,0,0,20
Pittsford,,,77,1,0,78
Plainfield,,,130,3,0,133
Plymouth,,,13,0,0,13
Pomfret,,,52,1,0,53
Poultney,,,47,2,0,49
Pownal,,,111,3,0,114
Proctor,,,40,1,0,41
Putney,,,203,2,0,205
Randolph,,,203,11,0,214
Reading,,,49,1,0,50
Readsboro,,,24,0,0,24
Richford,,,51,0,0,51
Richmond,,,203,6,0,209
Ripton,,,63,1,0,64
Rochester,,,97,14,0,111
Rockingham,,,301,13,0,314
Roxbury,,,22,0,0,22
Royalton,,,126,2,0,128
Rupert,,,44,2,0,46
"Rutland City",-,"Rutland 5-1",133,11,0,144
"Rutland City",-,"Rutland 5-2",106,1,0,107
"Rutland City",-,"Rutland 5-3",60,3,0,63
"Rutland City",-,"Rutland 5-4",84,0,0,84
"Rutland Town",,,139,3,0,142
Ryegate,,,40,0,0,40
Salisbury,,,64,1,0,65
Sandgate,,,27,1,0,28
Searsburg,,,6,0,0,6
Shaftsbury,,,157,11,0,168
Sharon,,,66,4,0,70
Sheffield,,,21,2,0,23
Shelburne,-,"Chittenden 5-1",245,18,0,263
Shelburne,-,"Chittenden 5-2",121,19,0,140
Sheldon,,,33,5,0,38
Shoreham,,,68,2,0,70
Shrewsbury,,,61,2,0,63
"S. Burlington",-,"Chittenden 3-10",122,10,0,132
"S. Burlington",-,"Chittenden 3-7",223,8,0,231
"S. Burlington",-,"Chittenden 3-8",196,13,0,209
"S. Burlington",-,"Chittenden 3-9",127,5,0,132
"S. Hero",,,96,8,0,104
Springfield,-,"Windsor 1-1",4,0,0,4
Springfield,-,"Windsor 1-2",318,11,0,329
"St. Albans City",,,146,27,0,173
"St. Albans Town",,,76,16,0,92
"St. George",,,22,0,0,22
"St. Johnsbury",,,133,6,0,139
Stamford,,,28,0,0,28
Stannard,,,19,1,0,20
Starksboro,,,80,3,0,83
Stockbridge,,,52,7,0,59
Stowe,,,107,5,0,112
Strafford,,,79,2,0,81
Stratton,,,4,1,0,5
Sudbury,,,24,2,0,26
Sunderland,,,28,2,0,30
Sutton,,,18,1,0,19
Swanton,,,98,10,0,108
Thetford,,,162,4,0,166
Tinmouth,,,42,0,0,42
Topsham,,,25,0,0,25
Townshend,,,64,0,0,64
Troy,,,33,0,0,33
Tunbridge,,,53,0,0,53
Underhill,,,269,6,0,275
Vergennes,,,98,21,0,119
Vernon,,,52,9,0,61
Vershire,,,30,0,0,30
Victory,,,4,1,0,5
Waitsfield,,,94,1,0,95
Walden,,,49,0,0,49
Wallingford,,,56,2,0,58
Waltham,,,30,2,0,32
Wardsboro,,,24,1,0,25
Warren,,,77,3,0,80
Washington,,,27,2,0,29
Waterbury,,,207,6,0,213
Waterford,,,20,0,0,20
Waterville,,,17,1,0,18
Weathersfield,,,150,6,0,156
Wells,,,39,1,0,40
"W. Fairlee",,,55,2,0,57
"W. Haven",,,5,0,0,5
"W. Rutland",,,38,1,0,39
"W. Windsor",,,48,4,0,52
Westfield,,,17,1,0,18
Westford,,,58,5,0,63
Westminster,-,Windham-4,15,0,0,15
Westminster,-,Windham-5,235,7,0,242
Westmore,,,17,1,0,18
Weston,,,41,1,0,42
Weybridge,,,78,4,0,82
Wheelock,,,20,1,0,21
Whiting,,,22,1,0,23
Whitingham,,,36,0,0,36
Williamstown,,,52,5,0,57
Williston,,,297,12,0,309
Wilmington,,,54,4,0,58
Windham,,,32,2,0,34
Windsor,,,196,8,0,204
Winhall,,,25,4,0,29
Winooski,,,202,3,0,205
Wolcott,,,56,3,0,59
Woodbury,,,54,2,0,56
Woodford,,,15,0,0,15
Woodstock,,,206,2,0,208
Worcester,,,58,0,0,58
TOTALS,,,"23,218","1,313",0,"24,531"
