City/Town,Ward,Pct,"Cheryl Pratt Rivers","Robert W. Backus",Write-Ins,Blanks,"Total Votes Cast"
,,,,
Addison,,,43,37,1,0,81
Albany,,,21,18,1,0,40
Alburgh,,,15,25,1,0,41
Andover,,,21,15,0,0,36
Arlington,,,39,53,1,0,93
Athens,,,3,8,0,0,11
Bakersfield,,,21,20,1,0,42
Baltimore,,,7,5,0,0,12
Barnard,,,35,34,0,0,69
Barnet,,,33,19,0,0,52
"Barre City",-,"Washington 3-1",68,62,3,0,133
"Barre City",-,"Washington 3-2",49,36,2,0,87
"Barre City",-,"Washington 3-3",12,7,0,0,19
"Barre Town",,,135,155,16,0,306
Barton,-,"Barton Memorial",28,33,8,0,69
Barton,-,"Orleans Memorial",10,13,6,0,29
Belvidere,,,2,3,1,0,6
Bennington,-,"Bennington 2-1",55,76,2,0,133
Bennington,-,"Bennington 2-1 Nb",31,31,0,0,62
Bennington,-,"Bennington 2-2",66,97,0,0,163
Bennington,-,"Bennington 5",4,2,0,0,6
Benson,,,25,16,0,0,41
Berkshire,,,16,20,1,0,37
Berlin,,,35,46,1,0,82
Bethel,,,124,39,3,0,166
Bloomfield,,,4,4,0,0,8
Bolton,,,26,24,0,0,50
Bradford,,,131,177,14,0,322
Braintree,,,32,16,0,0,48
Brandon,,,159,84,1,0,244
Brattleboro,-,"Windham 3-1",151,158,2,0,311
Brattleboro,-,"Windham 3-2",155,155,1,0,311
Brattleboro,-,"Windham 3-3",195,161,0,0,356
Bridgewater,,,40,12,0,0,52
Bridport,,,60,45,1,0,106
Brighton,,,15,23,0,0,38
Bristol,,,118,93,1,0,212
Brookfield,,,56,36,0,0,92
Brookline,,,17,13,1,0,31
Brownington,,,20,14,0,0,34
Brunswick,,,2,4,0,0,6
Burke,,,18,10,0,0,28
Burlington,-,"Chittenden 3-1",226,259,4,0,489
Burlington,-,"Chittenden 3-2",115,113,3,0,231
Burlington,-,"Chittenden 3-3",152,138,4,0,294
Burlington,-,"Chittenden 3-4",130,110,5,0,245
Burlington,-,"Chittenden 3-5",307,337,1,0,645
Burlington,-,"Chittenden 3-6",44,38,0,0,82
Cabot,,,40,38,2,0,80
Calais,,,178,137,3,0,318
Cambridge,,,46,36,1,0,83
Canaan,,,11,11,0,0,22
Castleton,,,37,33,0,0,70
Cavendish,,,40,31,1,0,72
Charleston,,,9,4,1,0,14
Charlotte,,,202,231,1,0,434
Chelsea,,,27,22,0,0,49
Chester,,,105,52,1,0,158
Chittenden,,,26,11,0,0,37
Clarendon,,,58,55,0,0,113
Colchester,-,"Chittenden 7-1",76,71,0,0,147
Colchester,-,"Chittenden 7-2",68,90,1,0,159
Concord,,,12,15,0,0,27
Corinth,,,33,59,0,0,92
Cornwall,,,87,53,3,0,143
Coventry,,,11,12,0,0,23
Craftsbury,,,44,33,2,0,79
Danby,,,56,33,2,0,91
Danville,,,37,45,1,0,83
Derby,,,48,52,2,0,102
Dorset,,,28,35,1,0,64
Dover,,,18,18,5,0,41
Dummerston,,,88,61,0,0,149
Duxbury,,,34,41,1,0,76
"E. Haven",,,1,3,0,0,4
"E. Montpelier",,,83,52,2,0,137
Eden,,,12,15,1,0,28
Elmore,,,20,22,1,0,43
Enosburgh,,,19,57,2,0,78
Essex,-,"Chittenden 6-1",91,128,2,0,221
Essex,-,"Chittenden 6-2",124,130,1,0,255
Essex,-,"Chittenden 6-3",42,43,1,0,86
"Fair Haven",,,34,21,2,0,57
Fairfax,,,43,66,2,0,111
Fairfield,,,33,34,9,0,76
Fairlee,,,42,48,2,0,92
Fayston,,,19,33,0,0,52
Ferrisburgh,,,72,81,3,0,156
Fletcher,,,18,16,0,0,34
Franklin,,,17,19,1,0,37
Georgia,,,36,37,1,0,74
Glover,,,16,16,1,0,33
Goshen,,,19,13,0,0,32
Grafton,,,22,17,0,0,39
Granby,,,1,0,0,0,1
"Grand Isle",,,44,55,5,0,104
Granville,,,8,1,0,0,9
Greensboro,,,32,30,3,0,65
Groton,,,18,12,1,0,31
Guildhall,,,2,4,0,0,6
Guilford,,,100,42,4,0,146
Halifax,,,16,11,0,0,27
Hancock,,,9,5,0,0,14
Hardwick,,,93,66,4,0,163
Hartford,-,"Windsor 6-1",41,21,0,0,62
Hartford,-,"Windsor 6-2",166,96,1,0,263
Hartland,,,129,64,0,0,193
Highgate,,,24,40,1,0,65
Hinesburg,-,"Chittenden 1-1",136,74,1,0,211
Hinesburg,-,"Chittenden 1-2",9,2,0,0,11
Holland,,,5,4,1,0,10
Hubbardton,,,8,3,0,0,11
Huntington,,,66,67,1,0,134
"Hyde Park",,,33,49,0,0,82
Ira,-,"Rutland Rutland 1-1",0,0,0,0,0
Ira,-,"Rutland Rutland 1-2",1,4,1,0,6
Irasburg,,,23,25,5,0,53
"Isle La Motte",,,13,21,2,0,36
Jamaica,,,21,14,0,0,35
Jay,,,8,4,1,0,13
Jericho,,,120,118,1,0,239
Johnson,,,50,31,0,0,81
Killington,,,18,21,0,0,39
Kirby,,,5,5,0,0,10
Landgrove,,,5,10,1,0,16
Leicester,,,33,20,2,0,55
Lemington,,,1,0,0,0,1
Lincoln,,,85,60,0,0,145
Londonderry,,,22,31,2,0,55
Lowell,,,10,14,1,0,25
Ludlow,,,37,81,1,0,119
Lunenburg,,,12,6,3,0,21
Lyndon,,,49,38,1,0,88
Maidstone,,,2,0,1,0,3
Manchester,,,48,95,1,0,144
Marlboro,,,76,52,1,0,129
Marshfield,,,80,57,1,0,138
Mendon,,,29,25,1,0,55
Middlebury,,,280,195,2,0,477
Middlesex,,,59,27,0,0,86
"Middletown Springs",,,66,22,0,0,88
Milton,-,"Chittenden 9",117,168,5,0,290
Milton,-,"Grand Isle-Chittenden 1-1",26,22,0,0,48
Monkton,,,68,46,1,0,115
Montgomery,,,26,22,1,0,49
Montpelier,,,388,344,4,0,736
Moretown,,,25,31,1,0,57
Morgan,,,10,14,0,0,24
Morristown,,,74,67,2,0,143
"Mount Holly",,,32,33,0,0,65
"Mount Tabor",,,9,0,0,0,9
"New Haven",,,164,135,5,0,304
Newark,,,9,8,0,0,17
Newbury,-,"Center Town House",6,7,0,0,13
Newbury,-,"Town Office",55,34,0,0,89
Newbury,-,"West River Village",21,12,2,0,35
Newfane,,,92,50,1,0,143
"Newport City",,,46,55,11,0,112
"Newport Town",,,26,15,6,0,47
"N. Hero",,,14,22,0,0,36
Northfield,,,64,80,0,0,144
Norton,,,0,5,2,0,7
Norwich,,,337,147,1,0,485
Orange,,,6,6,0,0,12
Orwell,,,33,21,3,0,57
Panton,,,20,23,1,0,44
Pawlet,,,48,75,1,0,124
Peacham,,,33,34,2,0,69
Peru,,,7,19,1,0,27
Pittsfield,,,18,10,0,0,28
Pittsford,,,61,23,2,0,86
Plainfield,,,74,68,1,0,143
Plymouth,,,9,8,0,0,17
Pomfret,,,37,32,0,0,69
Poultney,,,23,33,0,0,56
Pownal,,,58,65,0,0,123
Proctor,,,27,25,1,0,53
Putney,,,169,56,1,0,226
Randolph,,,159,83,0,0,242
Reading,,,35,22,0,0,57
Readsboro,,,7,20,0,0,27
Richford,,,18,38,1,0,57
Richmond,,,102,133,3,0,238
Ripton,,,45,22,0,0,67
Rochester,,,96,27,6,0,129
Rockingham,,,200,141,7,0,348
Roxbury,,,13,12,0,0,25
Royalton,,,107,43,0,0,150
Rupert,,,30,23,0,0,53
"Rutland City",-,"Rutland 5-1",108,65,2,0,175
"Rutland City",-,"Rutland 5-2",76,48,1,0,125
"Rutland City",-,"Rutland 5-3",46,27,1,0,74
"Rutland City",-,"Rutland 5-4",61,44,1,0,106
"Rutland Town",,,101,69,1,0,171
Ryegate,,,26,20,0,0,46
Salisbury,,,44,30,0,0,74
Sandgate,,,15,15,0,0,30
Searsburg,,,3,2,0,0,5
Shaftsbury,,,92,79,4,0,175
Sharon,,,54,25,0,0,79
Sheffield,,,17,7,0,0,24
Shelburne,-,"Chittenden 5-1",144,151,7,0,302
Shelburne,-,"Chittenden 5-2",74,84,3,0,161
Sheldon,,,10,33,3,0,46
Shoreham,,,43,37,0,0,80
Shrewsbury,,,45,23,1,0,69
"S. Burlington",-,"Chittenden 3-10",68,84,0,0,152
"S. Burlington",-,"Chittenden 3-7",117,164,1,0,282
"S. Burlington",-,"Chittenden 3-8",112,152,3,0,267
"S. Burlington",-,"Chittenden 3-9",71,109,0,0,180
"S. Hero",,,53,58,4,0,115
Springfield,-,"Windsor 1-1",3,1,0,0,4
Springfield,-,"Windsor 1-2",257,101,1,0,359
"St. Albans City",,,75,103,18,0,196
"St. Albans Town",,,45,62,2,0,109
"St. George",,,15,8,0,0,23
"St. Johnsbury",,,65,84,2,0,151
Stamford,,,12,15,0,0,27
Stannard,,,18,2,0,0,20
Starksboro,,,46,49,0,0,95
Stockbridge,,,65,9,1,0,75
Stowe,,,51,97,0,0,148
Strafford,,,58,34,0,0,92
Stratton,,,3,2,0,0,5
Sudbury,,,17,11,0,0,28
Sunderland,,,14,15,1,0,30
Sutton,,,11,10,0,0,21
Swanton,,,52,71,7,0,130
Thetford,,,95,81,1,0,177
Tinmouth,,,28,16,0,0,44
Topsham,,,11,18,0,0,29
Townshend,,,48,22,1,0,71
Troy,,,22,12,1,0,35
Tunbridge,,,39,13,1,0,53
Underhill,,,151,156,4,0,311
Vergennes,,,56,69,6,0,131
Vernon,,,31,45,1,0,77
Vershire,,,27,9,0,0,36
Victory,,,2,4,0,0,6
Waitsfield,,,59,42,1,0,102
Walden,,,35,14,0,0,49
Wallingford,,,48,21,0,0,69
Waltham,,,18,19,0,0,37
Wardsboro,,,15,11,0,0,26
Warren,,,56,30,0,0,86
Washington,,,21,17,0,0,38
Waterbury,,,99,139,4,0,242
Waterford,,,9,15,0,0,24
Waterville,,,8,12,0,0,20
Weathersfield,,,107,62,2,0,171
Wells,,,22,28,0,0,50
"W. Fairlee",,,32,36,1,0,69
"W. Haven",,,4,1,0,0,5
"W. Rutland",,,24,23,0,0,47
"W. Windsor",,,35,27,1,0,63
Westfield,,,10,7,1,0,18
Westford,,,47,31,0,0,78
Westminster,-,Windham-4,13,2,0,0,15
Westminster,-,Windham-5,185,74,3,0,262
Westmore,,,14,7,0,0,21
Weston,,,29,24,0,0,53
Weybridge,,,63,35,0,0,98
Wheelock,,,12,11,0,0,23
Whiting,,,12,12,1,0,25
Whitingham,,,12,26,0,0,38
Williamstown,,,32,42,0,0,74
Williston,,,147,204,5,0,356
Wilmington,,,31,33,1,0,65
Windham,,,21,13,2,0,36
Windsor,,,155,65,1,0,221
Winhall,,,26,9,0,0,35
Winooski,,,60,193,1,0,254
Wolcott,,,33,27,2,0,62
Woodbury,,,35,24,0,0,59
Woodford,,,9,9,0,0,18
Woodstock,,,153,93,0,0,246
Worcester,,,41,23,2,0,66
TOTALS,,,"14,819","12,931",374,0,"28,124"
