City/Town,Ward,Pct,"Larry Drown","Bernie Sanders",Write-Ins,Blanks,"Total Votes Cast"
,,,,
Addison,,,44,3,1,0,48
Albany,,,27,2,0,0,29
Alburgh,,,22,3,0,0,25
Andover,,,19,4,1,0,24
Arlington,,,70,3,1,0,74
Athens,,,9,1,0,0,10
Bakersfield,,,27,3,1,0,31
Baltimore,,,9,2,0,0,11
Barnard,,,34,1,0,0,35
Barnet,,,28,3,1,0,32
"Barre City",-,"Washington 3-1",73,5,6,0,84
"Barre City",-,"Washington 3-2",56,5,2,0,63
"Barre City",-,"Washington 3-3",7,2,0,0,9
"Barre Town",,,195,13,7,0,215
Barton,-,"Barton Memorial",45,4,6,0,55
Barton,-,"Orleans Memorial",18,2,2,0,22
Belvidere,,,2,1,1,0,4
Bennington,-,"Bennington 2-1",60,14,3,0,77
Bennington,-,"Bennington 2-1 Nb",30,8,2,0,40
Bennington,-,"Bennington 2-2",72,17,6,0,95
Bennington,-,"Bennington 5",3,0,0,0,3
Benson,,,23,2,0,0,25
Berkshire,,,23,1,0,0,24
Berlin,,,33,1,8,0,42
Bethel,,,78,23,6,0,107
Bloomfield,,,8,1,0,0,9
Bolton,,,29,5,0,0,34
Bradford,,,242,18,12,0,272
Braintree,,,23,5,1,0,29
Brandon,,,110,13,2,0,125
Brattleboro,-,"Windham 3-1",156,22,4,0,182
Brattleboro,-,"Windham 3-2",154,24,6,0,184
Brattleboro,-,"Windham 3-3",188,30,5,0,223
Bridgewater,,,33,0,3,0,36
Bridport,,,70,4,1,0,75
Brighton,,,27,4,2,0,33
Bristol,,,114,16,4,0,134
Brookfield,,,50,5,1,0,56
Brookline,,,18,2,0,0,20
Brownington,,,15,3,0,0,18
Brunswick,,,5,1,0,0,6
Burke,,,20,3,0,0,23
Burlington,-,"Chittenden 3-1",258,30,10,0,298
Burlington,-,"Chittenden 3-2",103,25,1,0,129
Burlington,-,"Chittenden 3-3",147,21,4,0,172
Burlington,-,"Chittenden 3-4",95,18,4,0,117
Burlington,-,"Chittenden 3-5",274,45,4,0,323
Burlington,-,"Chittenden 3-6",40,4,1,0,45
Cabot,,,31,7,2,0,40
Calais,,,132,22,3,0,157
Cambridge,,,49,5,0,0,54
Canaan,,,18,0,0,0,18
Castleton,,,34,6,1,0,41
Cavendish,,,44,2,0,0,46
Charleston,,,4,5,0,0,9
Charlotte,,,221,18,3,0,242
Chelsea,,,26,4,1,0,31
Chester,,,91,4,0,0,95
Chittenden,,,15,3,0,0,18
Clarendon,,,78,0,3,0,81
Colchester,-,"Chittenden 7-1",66,8,1,0,75
Colchester,-,"Chittenden 7-2",70,7,5,0,82
Concord,,,19,1,0,0,20
Corinth,,,53,7,0,0,60
Cornwall,,,63,13,0,0,76
Coventry,,,19,3,0,0,22
Craftsbury,,,37,12,6,0,55
Danby,,,65,3,4,0,72
Danville,,,51,0,2,0,53
Derby,,,59,9,2,0,70
Dorset,,,43,7,0,0,50
Dover,,,22,5,3,0,30
Dummerston,,,68,8,1,0,77
Duxbury,,,36,4,1,0,41
"E. Haven",,,2,0,0,0,2
"E. Montpelier",,,44,12,0,0,56
Eden,,,16,1,1,0,18
Elmore,,,27,3,0,0,30
Enosburgh,,,51,10,0,0,61
Essex,-,"Chittenden 6-1",106,17,0,0,123
Essex,-,"Chittenden 6-2",124,0,3,0,127
Essex,-,"Chittenden 6-3",48,7,0,0,55
"Fair Haven",,,33,5,1,0,39
Fairfax,,,74,3,1,0,78
Fairfield,,,40,3,4,0,47
Fairlee,,,63,9,1,0,73
Fayston,,,26,2,0,0,28
Ferrisburgh,,,81,13,0,0,94
Fletcher,,,14,0,1,0,15
Franklin,,,15,2,2,0,19
Georgia,,,43,2,0,0,45
Glover,,,22,4,1,0,27
Goshen,,,15,3,0,0,18
Grafton,,,29,1,0,0,30
Granby,,,1,0,0,0,1
"Grand Isle",,,56,9,1,0,66
Granville,,,5,0,0,0,5
Greensboro,,,31,15,0,0,46
Groton,,,18,2,1,0,21
Guildhall,,,1,0,0,0,1
Guilford,,,64,14,3,0,81
Halifax,,,18,2,1,0,21
Hancock,,,5,1,0,0,6
Hardwick,,,97,9,1,0,107
Hartford,-,"Windsor 6-1",27,4,0,0,31
Hartford,-,"Windsor 6-2",163,15,7,0,185
Hartland,,,101,16,2,0,119
Highgate,,,49,0,2,0,51
Hinesburg,-,"Chittenden 1-1",95,16,1,0,112
Hinesburg,-,"Chittenden 1-2",5,0,0,0,5
Holland,,,5,1,0,0,6
Hubbardton,,,7,0,0,0,7
Huntington,,,51,3,0,0,54
"Hyde Park",,,46,8,1,0,55
Ira,-,"Rutland Rutland 1-1",0,0,0,0,0
Ira,-,"Rutland Rutland 1-2",2,2,0,0,4
Irasburg,,,37,1,1,0,39
"Isle La Motte",,,24,2,0,0,26
Jamaica,,,18,0,4,0,22
Jay,,,5,3,0,0,8
Jericho,,,106,0,21,0,127
Johnson,,,36,0,14,0,50
Killington,,,18,0,1,0,19
Kirby,,,6,0,1,0,7
Landgrove,,,5,4,1,0,10
Leicester,,,23,3,2,0,28
Lemington,,,1,0,0,0,1
Lincoln,,,71,7,5,0,83
Londonderry,,,30,6,4,0,40
Lowell,,,19,0,0,0,19
Ludlow,,,63,3,2,0,68
Lunenburg,,,14,0,0,0,14
Lyndon,,,49,10,2,0,61
Maidstone,,,3,0,0,0,3
Manchester,,,77,7,1,0,85
Marlboro,,,74,0,17,0,91
Marshfield,,,47,18,5,0,70
Mendon,,,33,2,0,0,35
Middlebury,,,231,32,7,0,270
Middlesex,,,26,10,2,0,38
"Middletown Springs",,,57,9,0,0,66
Milton,-,"Chittenden 9",155,5,4,0,164
Milton,-,"Grand Isle-Chittenden 1-1",28,0,0,0,28
Monkton,,,51,7,0,0,58
Montgomery,,,28,4,1,0,33
Montpelier,,,263,64,12,0,339
Moretown,,,21,2,1,0,24
Morgan,,,15,2,0,0,17
Morristown,,,68,15,5,0,88
"Mount Holly",,,41,1,0,0,42
"Mount Tabor",,,5,0,0,0,5
"New Haven",,,196,13,1,0,210
Newark,,,11,1,0,0,12
Newbury,-,"Center Town House",10,0,1,0,11
Newbury,-,"Town Office",64,1,0,0,65
Newbury,-,"West River Village",15,2,0,0,17
Newfane,,,72,0,25,0,97
"Newport City",,,82,5,3,0,90
"Newport Town",,,32,3,0,0,35
"N. Hero",,,20,3,0,0,23
Northfield,,,28,20,9,0,57
Norton,,,1,0,0,0,1
Norwich,,,264,31,11,0,306
Orange,,,7,2,0,0,9
Orwell,,,29,6,4,0,39
Panton,,,24,5,2,0,31
Pawlet,,,81,4,3,0,88
Peacham,,,37,4,0,0,41
Peru,,,11,4,0,0,15
Pittsfield,,,12,0,1,0,13
Pittsford,,,48,8,0,0,56
Plainfield,,,57,13,0,0,70
Plymouth,,,6,4,0,0,10
Pomfret,,,30,0,7,0,37
Poultney,,,30,0,2,0,32
Pownal,,,86,15,1,0,102
Proctor,,,29,4,0,0,33
Putney,,,114,18,1,0,133
Randolph,,,131,21,4,0,156
Reading,,,37,1,0,0,38
Readsboro,,,21,1,0,0,22
Richford,,,43,5,1,0,49
Richmond,,,110,15,0,0,125
Ripton,,,33,5,1,0,39
Rochester,,,66,16,8,0,90
Rockingham,,,214,24,8,0,246
Roxbury,,,2,0,8,0,10
Royalton,,,88,13,0,0,101
Rupert,,,38,2,1,0,41
"Rutland City",-,"Rutland 5-1",88,4,3,0,95
"Rutland City",-,"Rutland 5-2",60,19,1,0,80
"Rutland City",-,"Rutland 5-3",42,3,5,0,50
"Rutland City",-,"Rutland 5-4",54,4,0,0,58
"Rutland Town",,,101,6,6,0,113
Ryegate,,,21,8,1,0,30
Salisbury,,,36,8,0,0,44
Sandgate,,,20,2,0,0,22
Searsburg,,,5,0,0,0,5
Shaftsbury,,,108,17,2,0,127
Sharon,,,45,3,2,0,50
Sheffield,,,14,2,0,0,16
Shelburne,-,"Chittenden 5-1",156,16,1,0,173
Shelburne,-,"Chittenden 5-2",63,11,4,0,78
Sheldon,,,31,0,1,0,32
Shoreham,,,51,5,0,0,56
Shrewsbury,,,30,13,0,0,43
"S. Burlington",-,"Chittenden 3-10",78,0,6,0,84
"S. Burlington",-,"Chittenden 3-7",115,17,3,0,135
"S. Burlington",-,"Chittenden 3-8",122,15,1,0,138
"S. Burlington",-,"Chittenden 3-9",96,6,0,0,102
"S. Hero",,,58,9,0,0,67
Springfield,-,"Windsor 1-1",2,0,0,0,2
Springfield,-,"Windsor 1-2",247,18,2,0,267
"St. Albans City",,,119,19,1,0,139
"St. Albans Town",,,68,4,5,0,77
"St. George",,,14,1,0,0,15
"St. Johnsbury",,,87,11,4,0,102
Stamford,,,20,6,0,0,26
Stannard,,,10,5,0,0,15
Starksboro,,,54,7,0,0,61
Stockbridge,,,43,1,1,0,45
Stowe,,,63,6,1,0,70
Strafford,,,53,10,1,0,64
Stratton,,,2,1,0,0,3
Sudbury,,,16,1,0,0,17
Sunderland,,,20,2,0,0,22
Sutton,,,16,1,0,0,17
Swanton,,,78,3,2,0,83
Thetford,,,113,16,0,0,129
Tinmouth,,,24,4,0,0,28
Topsham,,,12,4,0,0,16
Townshend,,,42,8,3,0,53
Troy,,,19,4,0,0,23
Tunbridge,,,37,1,0,0,38
Underhill,,,160,10,2,0,172
Vergennes,,,67,8,8,0,83
Vernon,,,48,1,1,0,50
Vershire,,,19,2,1,0,22
Victory,,,5,0,0,0,5
Waitsfield,,,48,11,1,0,60
Walden,,,32,5,1,0,38
Wallingford,,,33,8,0,0,41
Waltham,,,16,4,1,0,21
Wardsboro,,,16,2,2,0,20
Warren,,,41,12,2,0,55
Washington,,,23,0,0,0,23
Waterbury,,,117,20,6,0,143
Waterford,,,16,0,0,0,16
Waterville,,,9,4,1,0,14
Weathersfield,,,104,16,1,0,121
Wells,,,37,0,0,0,37
"W. Fairlee",,,47,1,0,0,48
"W. Haven",,,1,2,0,0,3
"W. Rutland",,,23,2,0,0,25
"W. Windsor",,,38,5,0,0,43
Westfield,,,11,5,2,0,18
Westford,,,31,6,0,0,37
Westminster,-,Windham-4,10,1,0,0,11
Westminster,-,Windham-5,146,23,4,0,173
Westmore,,,10,3,0,0,13
Weston,,,21,6,1,0,28
Weybridge,,,39,11,0,0,50
Wheelock,,,10,3,0,0,13
Whiting,,,16,4,1,0,21
Whitingham,,,27,6,0,0,33
Williamstown,,,37,9,4,0,50
Williston,,,185,16,4,0,205
Wilmington,,,39,6,1,0,46
Windham,,,27,4,0,0,31
Windsor,,,157,15,0,0,172
Winhall,,,23,0,3,0,26
Winooski,,,136,18,1,0,155
Wolcott,,,36,6,3,0,45
Woodbury,,,29,7,0,0,36
Woodford,,,17,0,0,0,17
Woodstock,,,131,22,0,0,153
Worcester,,,32,8,1,0,41
TOTALS,,,"14,870","1,878",515,0,"17,263"
