City/Town,Ward,Pct,"Bernie Sanders","Jane Newton",Write-Ins,Blanks,"Total Votes Cast"
,,,,
Andover,,,0,1,0,0,1
Bakersfield,,,2,0,0,0,2
Baltimore,,,0,1,0,0,1
Barnet,,,2,0,0,0,2
"Barre City",-,"Washington 3-1",2,0,0,0,2
"Barre City",-,"Washington 3-2",3,1,0,0,4
"Barre City",-,"Washington 3-3",0,0,0,0,0
"Barre Town",,,0,3,0,0,3
Bennington,-,"Bennington 2-1",7,4,0,0,11
Bennington,-,"Bennington 2-1 Nb",1,2,0,0,3
Bennington,-,"Bennington 2-2",5,1,0,0,6
Bennington,-,"Bennington 5",0,0,0,0,0
Berlin,,,1,1,0,0,2
Bethel,,,1,1,0,0,2
Bloomfield,,,0,1,0,0,1
Bradford,,,0,1,0,0,1
Brandon,,,3,2,0,0,5
Brattleboro,-,"Windham 3-1",12,5,0,0,17
Brattleboro,-,"Windham 3-2",8,5,1,0,14
Brattleboro,-,"Windham 3-3",20,19,1,0,40
Bridgewater,,,1,1,0,0,2
Brighton,,,0,1,0,0,1
Bristol,,,0,1,0,0,1
Burlington,-,"Chittenden 3-1",0,5,3,0,8
Burlington,-,"Chittenden 3-2",0,0,8,0,8
Burlington,-,"Chittenden 3-3",0,13,30,0,43
Burlington,-,"Chittenden 3-4",0,6,17,0,23
Burlington,-,"Chittenden 3-5",0,8,28,0,36
Burlington,-,"Chittenden 3-6",0,0,3,0,3
Cabot,,,1,2,0,0,3
Cambridge,,,4,1,0,0,5
Canaan,,,0,1,0,0,1
Castleton,,,0,1,1,0,2
Charleston,,,1,1,0,0,2
Chelsea,,,0,1,0,0,1
Clarendon,,,0,1,0,0,1
Colchester,-,"Chittenden 7-1",2,0,0,0,2
Colchester,-,"Chittenden 7-2",0,2,0,0,2
Corinth,,,1,0,0,0,1
Coventry,,,0,1,0,0,1
Danville,,,0,0,2,0,2
Derby,,,3,4,0,0,7
Dorset,,,1,0,0,0,1
Dover,,,0,1,0,0,1
Dummerston,,,0,2,3,0,5
Duxbury,,,1,0,0,0,1
"E. Montpelier",,,8,0,0,0,8
Elmore,,,2,0,0,0,2
Enosburgh,,,5,1,0,0,6
Essex,-,"Chittenden 6-1",0,2,0,0,2
Essex,-,"Chittenden 6-2",2,2,0,0,4
Essex,-,"Chittenden 6-3",0,0,0,0,0
"Fair Haven",,,0,2,1,0,3
Fairfax,,,0,1,0,0,1
Fairfield,,,2,0,1,0,3
Fairlee,,,2,2,0,0,4
Franklin,,,2,0,0,0,2
Glover,,,1,2,0,0,3
Grafton,,,0,1,0,0,1
"Grand Isle",,,4,0,0,0,4
Groton,,,3,0,1,0,4
Guilford,,,8,3,0,0,11
Halifax,,,1,0,0,0,1
Hancock,,,0,1,0,0,1
Hartford,-,"Windsor 6-1",0,0,0,0,0
Hartford,-,"Windsor 6-2",1,2,0,0,3
Hartland,,,1,1,0,0,2
Highgate,,,0,2,0,0,2
Hinesburg,-,"Chittenden 1-1",2,0,0,0,2
Hinesburg,-,"Chittenden 1-2",0,0,0,0,0
Holland,,,5,2,1,0,8
Huntington,,,2,0,0,0,2
"Hyde Park",,,0,1,0,0,1
"Isle La Motte",,,1,1,0,0,2
Jericho,,,1,0,0,0,1
Johnson,,,1,0,0,0,1
Kirby,,,0,2,0,0,2
Landgrove,,,2,0,0,0,2
Leicester,,,0,1,0,0,1
Lincoln,,,1,0,0,0,1
Londonderry,,,0,3,0,0,3
Lowell,,,1,0,0,0,1
Ludlow,,,1,4,0,0,5
Lyndon,,,4,0,0,0,4
Manchester,,,0,2,0,0,2
Marlboro,,,15,5,6,0,26
Marshfield,,,5,1,0,0,6
Middlebury,,,4,3,0,0,7
Middlesex,,,6,0,0,0,6
"Middletown Springs",,,4,0,0,0,4
Milton,-,"Chittenden 9",0,1,0,0,1
Milton,-,"Grand Isle-Chittenden 1-1",0,0,0,0,0
Monkton,,,3,1,0,0,4
Montgomery,,,1,0,0,0,1
Montpelier,,,31,3,0,0,34
Morristown,,,0,0,1,0,1
"Mount Holly",,,2,0,0,0,2
"New Haven",,,0,1,0,0,1
Newbury,-,"Center Town House",0,0,0,0,0
Newbury,-,"Town Office",0,2,0,0,2
Newbury,-,"West River Village",0,1,0,0,1
Newfane,,,1,1,0,0,2
"Newport City",,,1,0,0,0,1
Northfield,,,0,2,0,0,2
Norwich,,,8,5,0,0,13
Orwell,,,2,0,0,0,2
Pawlet,,,0,1,0,0,1
Peacham,,,2,0,0,0,2
Pittsfield,,,1,0,0,0,1
Pittsford,,,1,0,0,0,1
Plainfield,,,1,2,0,0,3
Pownal,,,0,1,0,0,1
Putney,,,7,2,0,0,9
Randolph,,,2,2,0,0,4
Readsboro,,,0,1,0,0,1
Richford,,,0,1,0,0,1
Richmond,,,2,0,0,0,2
Rochester,,,2,1,0,0,3
Rockingham,,,2,5,0,0,7
Roxbury,,,0,1,0,0,1
Royalton,,,0,1,1,0,2
Rupert,,,2,0,0,0,2
"Rutland City",-,"Rutland 5-1",0,0,0,0,0
"Rutland City",-,"Rutland 5-2",0,0,1,0,1
"Rutland City",-,"Rutland 5-3",0,0,0,0,0
"Rutland City",-,"Rutland 5-4",0,1,0,0,1
"Rutland Town",,,0,4,0,0,4
Sandgate,,,0,1,0,0,1
Shaftsbury,,,3,2,0,0,5
Sharon,,,8,2,0,0,10
Shelburne,-,"Chittenden 5-1",2,2,0,0,4
Shelburne,-,"Chittenden 5-2",0,0,1,0,1
Shoreham,,,0,0,1,0,1
Shrewsbury,,,2,0,0,0,2
"S. Burlington",-,"Chittenden 3-10",3,1,0,0,4
"S. Burlington",-,"Chittenden 3-7",0,1,0,0,1
"S. Burlington",-,"Chittenden 3-8",0,0,0,0,0
"S. Burlington",-,"Chittenden 3-9",0,0,0,0,0
"S. Hero",,,1,0,0,0,1
Springfield,-,"Windsor 1-1",0,0,0,0,0
Springfield,-,"Windsor 1-2",3,0,0,0,3
"St. Albans City",,,0,4,0,0,4
"St. Albans Town",,,0,1,0,0,1
"St. Johnsbury",,,5,1,0,0,6
Stamford,,,0,1,0,0,1
Stockbridge,,,1,1,0,0,2
Stowe,,,0,1,0,0,1
Strafford,,,1,0,0,0,1
Sunderland,,,1,0,0,0,1
Thetford,,,1,1,0,0,2
Underhill,,,6,0,0,0,6
Vergennes,,,0,2,0,0,2
Vershire,,,0,1,0,0,1
Waitsfield,,,1,0,1,0,2
Walden,,,3,0,0,0,3
Warren,,,0,2,1,0,3
Weathersfield,,,5,1,0,0,6
Wells,,,0,3,0,0,3
"W. Haven",,,0,1,0,0,1
"W. Rutland",,,0,1,0,0,1
"W. Windsor",,,0,1,0,0,1
Westfield,,,0,3,0,0,3
Westford,,,1,0,0,0,1
Westminster,-,Windham-4,1,0,0,0,1
Westminster,-,Windham-5,2,2,0,0,4
Weybridge,,,0,1,0,0,1
Wheelock,,,0,1,0,0,1
Whiting,,,1,0,0,0,1
Whitingham,,,1,0,0,0,1
Williston,,,8,2,0,0,10
Windham,,,0,1,0,0,1
Windsor,,,0,3,0,0,3
Winhall,,,0,1,0,0,1
Winooski,,,1,1,0,0,2
Wolcott,,,3,0,0,0,3
Woodbury,,,1,1,0,0,2
Woodstock,,,0,1,0,0,1
Worcester,,,0,2,0,0,2
TOTALS,,,315,238,114,0,667
