City/Town,Ward,Pct,"Thomas W. Costello","Nate Freeman",Write-Ins,Blanks,"Total Votes Cast"
,,,,
Addison,,,20,7,6,0,33
Albany,,,11,9,3,0,23
Alburgh,,,22,14,3,0,39
Andover,,,14,6,0,0,20
Arlington,,,54,19,0,0,73
Athens,,,5,6,2,0,13
Bakersfield,,,23,9,3,0,35
Baltimore,,,7,4,2,0,13
Barnard,,,18,10,1,0,29
Barnet,,,18,17,1,0,36
"Barre City",-,"Washington 3-1",34,31,1,0,66
"Barre City",-,"Washington 3-2",25,18,1,0,44
"Barre City",-,"Washington 3-3",8,5,1,0,14
"Barre Town",,,60,71,2,0,133
Barton,,,21,15,14,0,50
Belvidere,,,3,4,0,0,7
Bennington,-,"Bennington 2-1",25,28,2,0,55
Bennington,-,"Bennington 2-2",90,26,0,0,116
Bennington,-,"Bennington 5",2,0,0,0,2
Benson,,,13,15,0,0,28
Berkshire,,,18,16,5,0,39
Berlin,,,26,32,1,0,59
Bethel,,,36,39,1,0,76
Bloomfield,,,5,9,0,0,14
Bolton,,,30,23,2,0,55
Bradford,,,26,36,7,0,69
Braintree,,,15,15,0,0,30
Brandon,,,37,41,3,0,81
Brattleboro,-,"Windham 3-1",115,29,2,0,146
Brattleboro,-,"Windham 3-2",126,30,2,0,158
Brattleboro,-,"Windham 3-3",113,28,8,0,149
Bridgewater,,,7,7,7,0,21
Bridport,,,15,12,0,0,27
Brighton,,,9,3,0,0,12
Bristol,,,41,39,2,0,82
Brookfield,,,17,15,0,0,32
Brookline,,,13,4,1,0,18
Brownington,,,3,5,1,0,9
Brunswick,,,0,1,0,0,1
Burke,,,13,6,0,0,19
Burlington,-,"Chittenden 3-1",260,126,9,0,395
Burlington,-,"Chittenden 3-2",110,69,7,0,186
Burlington,-,"Chittenden 3-3",157,98,6,0,261
Burlington,-,"Chittenden 3-4",110,65,7,0,182
Burlington,-,"Chittenden 3-5",499,230,12,0,741
Burlington,-,"Chittenden 3-6",33,13,4,0,50
Cabot,,,22,32,1,0,55
Calais,,,27,41,5,0,73
Cambridge,,,24,21,3,0,48
Canaan,,,7,4,0,0,11
Castleton,,,26,13,0,0,39
Cavendish,,,20,19,0,0,39
Charleston,,,12,6,1,0,19
Charlotte,,,83,41,0,0,124
Chelsea,,,8,17,1,0,26
Chester,,,80,54,2,0,136
Chittenden,,,24,7,0,0,31
Clarendon,,,70,22,3,0,95
Colchester,-,"Chittenden 7-1",64,23,2,0,89
Colchester,-,"Chittenden 7-2",56,29,3,0,88
Concord,,,12,15,4,0,31
Corinth,,,22,38,2,0,62
Cornwall,,,33,24,0,0,57
Coventry,,,5,5,2,0,12
Craftsbury,,,20,25,4,0,49
Danby,,,47,23,0,0,70
Danville,,,87,67,4,0,158
Derby,,,43,17,18,0,78
Dorset,,,34,22,1,0,57
Dover,,,24,10,4,0,38
Dummerston,,,214,55,5,0,274
Duxbury,,,37,27,4,0,68
"E. Haven",,,4,5,0,0,9
"E. Montpelier",,,54,37,2,0,93
Eden,,,3,11,1,0,15
Elmore,,,13,21,2,0,36
Enosburgh,,,31,16,2,0,49
Essex,-,"Chittenden 6-1",67,33,2,0,102
Essex,-,"Chittenden 6-2",66,51,3,0,120
Essex,-,"Chittenden 6-3",22,16,1,0,39
"Fair Haven",,,11,5,3,0,19
Fairfax,,,42,27,5,0,74
Fairfield,,,72,22,21,0,115
Fairlee,,,21,11,0,0,32
Fayston,,,7,21,0,0,28
Ferrisburgh,,,41,29,2,0,72
Fletcher,,,12,15,0,0,27
Franklin,,,20,11,2,0,33
Georgia,,,28,22,2,0,52
Glover,,,15,17,8,0,40
Goshen,,,11,6,0,0,17
Grafton,,,17,7,0,0,24
Granby,,,1,3,0,0,4
"Grand Isle",,,27,25,6,0,58
Granville,,,2,3,0,0,5
Greensboro,,,22,19,1,0,42
Groton,,,9,15,0,0,24
Guildhall,,,4,4,0,0,8
Guilford,,,44,22,4,0,70
Halifax,,,8,7,0,0,15
Hancock,,,6,1,0,0,7
Hardwick,,,23,17,2,0,42
Hartford,-,"Windsor 6-1",11,11,0,0,22
Hartford,-,"Windsor 6-2",59,40,2,0,101
Hartland,,,93,57,3,0,153
Highgate,,,21,12,13,0,46
Hinesburg,-,"Chittenden 1-1",78,54,0,0,132
Hinesburg,-,"Chittenden 1-2",2,1,0,0,3
Holland,,,5,3,0,0,8
Hubbardton,,,11,1,0,0,12
Huntington,,,83,54,0,0,137
"Hyde Park",,,14,13,6,0,33
Ira,-,"Rutland Rutland 1-1",0,0,0,0,0
Ira,-,"Rutland Rutland 1-2",12,4,0,0,16
Irasburg,,,9,8,0,0,17
"Isle La Motte",,,12,7,0,0,19
Jamaica,,,25,4,1,0,30
Jay,,,5,0,4,0,9
Jericho,,,99,56,1,0,156
Johnson,,,27,10,1,0,38
Killington,,,13,7,0,0,20
Kirby,,,2,2,0,0,4
Landgrove,,,3,2,0,0,5
Leicester,,,14,18,0,0,32
Lincoln,,,37,36,1,0,74
Londonderry,,,18,6,1,0,25
Lowell,,,10,7,2,0,19
Ludlow,,,38,22,1,0,61
Lunenburg,,,8,4,3,0,15
Lyndon,,,37,12,0,0,49
Maidstone,,,4,1,0,0,5
Manchester,,,62,14,3,0,79
Marlboro,,,70,9,1,0,80
Marshfield,,,23,34,0,0,57
Mendon,,,89,24,0,0,113
Middlebury,,,80,52,4,0,136
Middlesex,,,27,35,2,0,64
"Middletown Springs",,,15,12,0,0,27
Milton,-,"Chittenden 9",79,39,1,0,119
Milton,-,"Grand Isle-Chittenden 1-1",16,10,1,0,27
Monkton,,,26,13,1,0,40
Montgomery,,,13,12,0,0,25
Montpelier,,,565,431,11,0,"1,007"
Moretown,,,14,35,0,0,49
Morgan,,,12,7,0,0,19
Morristown,,,48,32,4,0,84
"Mount Holly",,,44,15,0,0,59
"Mount Tabor",,,6,5,0,0,11
"New Haven",,,24,23,1,0,48
Newark,,,7,9,0,0,16
Newbury,-,"Center Town House",19,25,0,0,44
Newbury,-,"Town Office",8,9,0,0,17
Newbury,-,"West River Village",13,12,0,0,25
Newfane,,,42,21,2,0,65
"Newport City",,,30,19,6,0,55
"Newport Town",,,10,13,3,0,26
"N. Hero",,,13,10,0,0,23
Northfield,,,44,101,2,0,147
Norton,,,2,0,2,0,4
Norwich,,,147,64,4,0,215
Orange,,,2,4,4,0,10
Orwell,,,11,17,4,0,32
Panton,,,8,4,0,0,12
Pawlet,,,33,11,2,0,46
Peacham,,,33,21,0,0,54
Peru,,,8,12,0,0,20
Pittsfield,,,2,12,1,0,15
Pittsford,,,40,20,2,0,62
Plainfield,,,27,25,0,0,52
Plymouth,,,6,4,0,0,10
Pomfret,,,22,15,0,0,37
Poultney,,,25,12,0,0,37
Pownal,,,59,16,2,0,77
Proctor,,,48,15,0,0,63
Putney,,,306,79,10,0,395
Randolph,,,66,92,4,0,162
Reading,,,26,7,0,0,33
Readsboro,,,17,4,1,0,22
Richford,,,25,18,2,0,45
Richmond,,,150,100,4,0,254
Ripton,,,19,11,0,0,30
Rochester,,,37,27,3,0,67
Rockingham,,,162,42,9,0,213
Roxbury,,,9,21,0,0,30
Royalton,,,26,26,2,0,54
Rupert,,,23,13,0,0,36
"Rutland City",-,"Rutland 5-1",135,15,1,0,151
"Rutland City",-,"Rutland 5-2",103,15,1,0,119
"Rutland City",-,"Rutland 5-3",65,13,0,0,78
"Rutland City",-,"Rutland 5-4",65,18,0,0,83
"Rutland Town",,,287,69,5,0,361
Ryegate,,,18,13,0,0,31
Salisbury,,,12,8,1,0,21
Sandgate,,,17,8,0,0,25
Searsburg,,,2,2,1,0,5
Shaftsbury,,,84,34,4,0,122
Sharon,,,19,16,0,0,35
Sheffield,,,4,5,1,0,10
Shelburne,-,"Chittenden 5-1",103,70,23,0,196
Shelburne,-,"Chittenden 5-2",58,27,2,0,87
Sheldon,,,14,10,10,0,34
Shoreham,,,16,15,0,0,31
Shrewsbury,,,86,45,2,0,133
"S. Burlington",-,"Chittenden 3-10",86,35,2,0,123
"S. Burlington",-,"Chittenden 3-7",117,50,2,0,169
"S. Burlington",-,"Chittenden 3-8",119,65,3,0,187
"S. Burlington",-,"Chittenden 3-9",78,40,5,0,123
"S. Hero",,,40,15,3,0,58
Springfield,-,"Windsor 1-1",0,2,0,0,2
Springfield,-,"Windsor 1-2",543,189,24,0,756
"St. Albans City",,,69,32,7,0,108
"St. Albans Town",,,82,66,13,0,161
"St. George",,,59,16,2,0,77
"St. Johnsbury",,,65,51,4,0,120
Stamford,,,20,8,0,0,28
Stannard,,,8,5,0,0,13
Starksboro,,,32,23,1,0,56
Stockbridge,,,12,19,0,0,31
Stowe,,,28,20,0,0,48
Strafford,,,29,16,0,0,45
Stratton,,,4,1,0,0,5
Sudbury,,,8,13,0,0,21
Sunderland,,,11,7,0,0,18
Sutton,,,4,5,0,0,9
Swanton,,,62,41,12,0,115
Thetford,,,36,37,3,0,76
Tinmouth,,,29,24,1,0,54
Topsham,,,9,12,0,0,21
Townshend,,,35,17,4,0,56
Troy,,,11,10,1,0,22
Tunbridge,,,15,27,1,0,43
Underhill,,,97,49,1,0,147
Vergennes,,,25,10,3,0,38
Vernon,,,37,9,7,0,53
Vershire,,,12,17,3,0,32
Victory,,,1,2,0,0,3
Waitsfield,,,22,44,1,0,67
Walden,,,9,15,1,0,25
Wallingford,,,98,34,1,0,133
Waltham,,,3,6,0,0,9
Wardsboro,,,13,4,1,0,18
Warren,,,17,36,0,0,53
Washington,,,5,13,2,0,20
Waterbury,,,136,110,6,0,252
Waterford,,,3,4,0,0,7
Waterville,,,1,3,0,0,4
Weathersfield,,,58,16,6,0,80
Wells,,,15,4,0,0,19
"W. Fairlee",,,12,10,0,0,22
"W. Haven",,,3,3,0,0,6
"W. Rutland",,,54,14,0,0,68
"W. Windsor",,,21,13,1,0,35
Westfield,,,6,4,3,0,13
Westford,,,20,22,1,0,43
Westminster,-,"Windham 4",9,3,1,0,13
Westminster,-,"Windham 5",290,79,7,0,376
Westmore,,,5,5,0,0,10
Weston,,,26,3,0,0,29
Weybridge,,,17,13,1,0,31
Wheelock,,,8,4,2,0,14
Whiting,,,14,1,1,0,16
Whitingham,,,33,4,0,0,37
Williamstown,,,12,10,0,0,22
Williston,,,116,65,3,0,184
Wilmington,,,39,13,1,0,53
Windham,,,18,10,0,0,28
Windsor,,,57,23,1,0,81
Winhall,,,15,4,0,0,19
Winooski,,,70,30,4,0,104
Wolcott,,,26,18,8,0,52
Woodbury,,,16,25,5,0,46
Woodford,,,13,1,0,0,14
Woodstock,,,92,44,0,0,136
Worcester,,,24,24,0,0,48
TOTALS,,,"11,966","6,676",614,0,"19,256"
