City/Town,Ward,Pct,"Thomas M. Salmon",Write-Ins,Blanks,"Total Votes Cast"
,,,
Addison,,,46,1,0,47
Albany,,,26,1,0,27
Alburgh,,,69,4,0,73
Andover,,,40,0,0,40
Arlington,,,77,0,0,77
Athens,,,17,0,0,17
Bakersfield,,,54,3,0,57
Baltimore,,,12,1,0,13
Barnard,,,70,1,0,71
Barnet,,,73,1,0,74
"Barre City",-,"Washington 3-1",159,9,0,168
"Barre City",-,"Washington 3-2",124,6,0,130
"Barre City",-,"Washington 3-3",28,1,0,29
"Barre Town",,,292,15,0,307
Barton,,,85,7,0,92
Belvidere,,,7,0,0,7
Bennington,-,"Bennington 2-1",206,3,0,209
Bennington,-,"Bennington 2-1 Nb",54,0,0,54
Bennington,-,"Bennington 2-2",218,3,0,221
Bennington,-,"Bennington 5",2,0,0,2
Benson,,,35,1,0,36
Berkshire,,,47,1,0,48
Berlin,,,120,0,0,120
Bethel,,,111,1,0,112
Bloomfield,,,11,0,0,11
Bolton,,,66,1,0,67
Bradford,,,129,5,0,134
Braintree,,,59,0,0,59
Brandon,,,192,2,0,194
Brattleboro,-,"Windham 3-1",225,4,0,229
Brattleboro,-,"Windham 3-2",260,3,0,263
Brattleboro,-,"Windham 3-3",223,7,0,230
Bridgewater,,,65,4,0,69
Bridport,,,68,2,0,70
Brighton,,,78,1,0,79
Bristol,,,161,3,0,164
Brookfield,,,63,1,0,64
Brookline,,,32,0,0,32
Brownington,,,25,1,0,26
Brunswick,,,9,1,0,10
Burke,,,38,0,0,38
Burlington,-,"Chittenden 3-1",637,13,0,650
Burlington,-,"Chittenden 3-2",335,6,0,341
Burlington,-,"Chittenden 3-3",463,7,0,470
Burlington,-,"Chittenden 3-4",269,7,0,276
Burlington,-,"Chittenden 3-5",924,11,0,935
Burlington,-,"Chittenden 3-6",106,2,0,108
Cabot,,,60,1,0,61
Calais,,,165,0,0,165
Cambridge,,,77,5,0,82
Canaan,,,38,1,0,39
Castleton,,,62,0,0,62
Cavendish,,,89,0,0,89
Charleston,,,23,1,0,24
Charlotte,,,425,0,0,425
Chelsea,,,67,2,0,69
Chester,,,232,2,0,234
Chittenden,,,34,0,0,34
Clarendon,,,72,0,0,72
Colchester,-,"Chittenden 7-1",176,4,0,180
Colchester,-,"Chittenden 7-2",329,5,0,334
Concord,,,38,0,0,38
Corinth,,,93,0,0,93
Cornwall,,,97,2,0,99
Coventry,,,32,1,0,33
Craftsbury,,,81,3,0,84
Danby,,,108,3,0,111
Danville,,,94,2,0,96
Derby,,,138,15,0,153
Dorset,,,74,1,0,75
Dover,,,30,0,0,30
Dummerston,,,216,4,0,220
Duxbury,,,58,2,0,60
"E. Haven",,,18,0,0,18
"E. Montpelier",,,134,2,0,136
Eden,,,44,4,0,48
Elmore,,,53,3,0,56
Enosburgh,,,82,1,0,83
Essex,-,"Chittenden 6-1",191,2,0,193
Essex,-,"Chittenden 6-2",295,6,0,301
Essex,-,"Chittenden 6-3",86,3,0,89
"Fair Haven",,,42,0,0,42
Fairfax,,,97,2,0,99
Fairfield,,,91,9,0,100
Fairlee,,,60,0,0,60
Fayston,,,41,0,0,41
Ferrisburgh,,,139,1,0,140
Fletcher,,,36,0,0,36
Franklin,,,62,4,0,66
Georgia,,,104,1,0,105
Glover,,,46,2,0,48
Goshen,,,12,3,0,15
Grafton,,,46,0,0,46
Granby,,,3,0,0,3
"Grand Isle",,,113,7,0,120
Granville,,,16,0,0,16
Greensboro,,,62,1,0,63
Groton,,,34,2,0,36
Guildhall,,,3,0,0,3
Guilford,,,114,2,0,116
Halifax,,,26,2,0,28
Hancock,,,15,2,0,17
Hardwick,,,148,6,0,154
Hartford,-,"Windsor 6-1",80,1,0,81
Hartford,-,"Windsor 6-2",327,4,0,331
Hartland,,,405,6,0,411
Highgate,,,85,24,0,109
Hinesburg,-,"Chittenden 1-1",212,4,0,216
Hinesburg,-,"Chittenden 1-2",7,1,0,8
Holland,,,15,2,0,17
Hubbardton,,,14,0,0,14
Huntington,,,137,3,0,140
"Hyde Park",,,95,4,0,99
Ira,-,"Rutland Rutland 1-1",2,0,0,2
Ira,-,"Rutland Rutland 1-2",20,0,0,20
Irasburg,,,27,3,0,30
"Isle La Motte",,,40,2,0,42
Jamaica,,,42,0,0,42
Jay,,,15,1,0,16
Jericho,,,273,1,0,274
Johnson,,,47,1,0,48
Killington,,,28,0,0,28
Kirby,,,21,0,0,21
Landgrove,,,21,0,0,21
Leicester,,,58,0,0,58
Lemington,,,4,0,0,4
Lincoln,,,117,3,0,120
Londonderry,,,65,1,0,66
Lowell,,,30,3,0,33
Ludlow,,,227,1,0,228
Lunenburg,,,65,3,0,68
Lyndon,,,119,2,0,121
Maidstone,,,8,0,0,8
Manchester,,,115,0,0,115
Marlboro,,,99,2,0,101
Marshfield,,,58,0,0,58
Mendon,,,43,1,0,44
Middlebury,,,370,5,0,375
Middlesex,,,115,2,0,117
"Middletown Springs",,,71,1,0,72
Milton,-,"Chittenden 9",228,3,0,231
Milton,-,"Grand Isle-Chittenden 1-1",33,0,0,33
Monkton,,,58,0,0,58
Montgomery,,,38,4,0,42
Montpelier,,,675,5,0,680
Moretown,,,111,2,0,113
Morgan,,,28,1,0,29
Morristown,,,224,7,0,231
"Mount Holly",,,116,0,0,116
"Mount Tabor",,,15,0,0,15
"New Haven",,,108,2,0,110
Newark,,,17,0,0,17
Newbury,-,"Center Town House",61,0,0,61
Newbury,-,"Town Office",22,1,0,23
Newbury,-,"West River Village",19,1,0,20
Newfane,,,166,3,0,169
"Newport City",,,145,3,0,148
"Newport Town",,,60,0,0,60
"N. Hero",,,36,2,0,38
Northfield,,,203,2,0,205
Norton,,,4,0,0,4
Norwich,,,656,2,0,658
Orange,,,14,2,0,16
Orwell,,,50,2,0,52
Panton,,,35,2,0,37
Pawlet,,,50,0,0,50
Peacham,,,57,0,0,57
Peru,,,31,0,0,31
Pittsfield,,,20,0,0,20
Pittsford,,,82,2,0,84
Plainfield,,,73,1,0,74
Plymouth,,,37,1,0,38
Pomfret,,,87,1,0,88
Poultney,,,89,2,0,91
Pownal,,,121,0,0,121
Proctor,,,50,1,0,51
Putney,,,350,1,0,351
Randolph,,,224,7,0,231
Reading,,,57,0,0,57
Readsboro,,,42,0,0,42
Richford,,,93,0,0,93
Richmond,,,291,4,0,295
Ripton,,,62,0,0,62
Rochester,,,99,6,0,105
Rockingham,,,430,10,0,440
Roxbury,,,34,0,0,34
Royalton,,,116,3,0,119
Rupert,,,42,0,0,42
"Rutland City",-,"Rutland 5-1",174,1,0,175
"Rutland City",-,"Rutland 5-2",141,2,0,143
"Rutland City",-,"Rutland 5-3",80,3,0,83
"Rutland City",-,"Rutland 5-4",157,3,0,160
"Rutland Town",-,"Elem. School",104,1,0,105
"Rutland Town",-,"Town Hall",37,1,0,38
Ryegate,,,45,0,0,45
Salisbury,,,55,2,0,57
Sandgate,,,30,0,0,30
Searsburg,,,4,0,0,4
Shaftsbury,,,214,1,0,215
Sharon,,,106,6,0,112
Sheffield,,,23,1,0,24
Shelburne,-,"Chittenden 5-1",340,8,0,348
Shelburne,-,"Chittenden 5-2",205,6,0,211
Sheldon,,,49,9,0,58
Shoreham,,,49,1,0,50
Shrewsbury,,,62,1,0,63
"S. Burlington",-,"Chittenden 3-10",225,1,0,226
"S. Burlington",-,"Chittenden 3-7",277,5,0,282
"S. Burlington",-,"Chittenden 3-8",311,6,0,317
"S. Burlington",-,"Chittenden 3-9",248,1,0,249
"S. Hero",,,147,4,0,151
Springfield,-,"Windsor 1-1",5,0,0,5
Springfield,-,"Windsor 1-2",523,3,0,526
"St. Albans City",,,288,40,0,328
"St. Albans Town",,,188,19,0,207
"St. George",,,31,0,0,31
"St. Johnsbury",,,179,3,0,182
Stamford,,,25,0,0,25
Stannard,,,21,1,0,22
Starksboro,,,87,0,0,87
Stockbridge,,,37,0,0,37
Stowe,,,161,2,0,163
Strafford,,,182,1,0,183
Stratton,,,8,0,0,8
Sudbury,,,38,0,0,38
Sunderland,,,31,1,0,32
Sutton,,,25,0,0,25
Swanton,,,249,32,0,281
Thetford,,,328,5,0,333
Tinmouth,,,36,0,0,36
Topsham,,,19,1,0,20
Townshend,,,81,2,0,83
Troy,,,47,1,0,48
Tunbridge,,,70,1,0,71
Underhill,,,173,8,0,181
Vergennes,,,112,11,0,123
Vernon,,,72,4,0,76
Vershire,,,51,0,0,51
Victory,,,1,0,0,1
Waitsfield,,,101,1,0,102
Walden,,,50,0,0,50
Wallingford,,,105,1,0,106
Waltham,,,27,1,0,28
Wardsboro,,,39,0,0,39
Warren,,,75,3,0,78
Washington,,,46,0,0,46
Waterbury,,,201,3,0,204
Waterford,,,30,0,0,30
Waterville,,,16,0,0,16
Weathersfield,,,157,1,0,158
Wells,,,34,0,0,34
"W. Fairlee",,,32,0,0,32
"W. Haven",,,7,1,0,8
"W. Rutland",,,47,2,0,49
"W. Windsor",,,105,1,0,106
Westfield,,,21,1,0,22
Westford,,,82,1,0,83
Westminster,-,"Windham 4",21,0,0,21
Westminster,-,"Windham 5",322,2,0,324
Westmore,,,15,0,0,15
Weston,,,63,0,0,63
Weybridge,,,82,1,0,83
Wheelock,,,22,0,0,22
Whiting,,,34,4,0,38
Whitingham,,,39,0,0,39
Williamstown,,,74,6,0,80
Williston,,,459,1,0,460
Wilmington,,,63,1,0,64
Windham,,,30,1,0,31
Windsor,,,257,6,0,263
Winhall,,,36,0,0,36
Winooski,,,286,6,0,292
Wolcott,,,66,6,0,72
Woodbury,,,95,1,0,96
Woodford,,,15,0,0,15
Woodstock,,,341,3,0,344
Worcester,,,115,2,0,117
TOTALS,,,"30,428",677,0,"31,105"
