City/Town,Ward,Pct,"Jeb Spaulding",Write-Ins,Blanks,"Total Votes Cast"
,,,
Addison,,,5,7,0,12
Albany,,,5,1,0,6
Alburgh,,,16,3,0,19
Arlington,,,7,0,0,7
Athens,,,2,0,0,2
Bakersfield,,,3,0,0,3
Baltimore,,,2,0,0,2
Barnard,,,3,0,0,3
Barnet,,,4,2,0,6
"Barre City",-,"Washington 3-1",22,4,0,26
"Barre City",-,"Washington 3-2",22,10,0,32
"Barre City",-,"Washington 3-3",7,1,0,8
"Barre Town",,,134,13,0,147
Barton,,,51,3,0,54
Belvidere,,,2,0,0,2
Bennington,-,"Bennington 2-1",13,5,0,18
Bennington,-,"Bennington 2-1 Nb",2,1,0,3
Bennington,-,"Bennington 2-2",8,4,0,12
Bennington,-,"Bennington 5",0,0,0,0
Berkshire,,,4,1,0,5
Berlin,,,10,3,0,13
Bethel,,,4,3,0,7
Bolton,,,4,2,0,6
Bradford,,,28,2,0,30
Braintree,,,0,6,0,6
Brandon,,,9,3,0,12
Brattleboro,-,"Windham 3-1",9,1,0,10
Brattleboro,-,"Windham 3-2",5,1,0,6
Brattleboro,-,"Windham 3-3",5,2,0,7
Bridgewater,,,14,2,0,16
Bridport,,,14,4,0,18
Brighton,,,10,6,0,16
Bristol,,,12,4,0,16
Brookfield,,,0,13,0,13
Brookline,,,2,0,0,2
Brownington,,,1,3,0,4
Brunswick,,,1,0,0,1
Burke,,,5,2,0,7
Burlington,-,"Chittenden 3-1",9,13,0,22
Burlington,-,"Chittenden 3-2",14,8,0,22
Burlington,-,"Chittenden 3-3",9,6,0,15
Burlington,-,"Chittenden 3-4",2,7,0,9
Burlington,-,"Chittenden 3-5",5,9,0,14
Burlington,-,"Chittenden 3-6",1,3,0,4
Cabot,,,1,1,0,2
Calais,,,10,2,0,12
Cambridge,,,15,1,0,16
Canaan,,,4,0,0,4
Castleton,,,7,0,0,7
Cavendish,,,5,3,0,8
Charleston,,,8,0,0,8
Charlotte,,,3,5,0,8
Chelsea,,,10,1,0,11
Chester,,,7,5,0,12
Chittenden,,,0,4,0,4
Clarendon,,,4,1,0,5
Colchester,-,"Chittenden 7-1",5,1,0,6
Colchester,-,"Chittenden 7-2",9,8,0,17
Concord,,,3,1,0,4
Corinth,,,3,2,0,5
Cornwall,,,3,3,0,6
Coventry,,,9,0,0,9
Craftsbury,,,11,5,0,16
Danby,,,11,2,0,13
Danville,,,16,2,0,18
Derby,,,54,5,0,59
Dorset,,,0,2,0,2
Dover,,,3,6,0,9
Dummerston,,,4,0,0,4
Duxbury,,,2,2,0,4
"E. Haven",,,2,2,0,4
"E. Montpelier",,,17,3,0,20
Eden,,,13,2,0,15
Elmore,,,8,2,0,10
Enosburgh,,,7,2,0,9
Essex,-,"Chittenden 6-1",0,15,0,15
Essex,-,"Chittenden 6-2",8,14,0,22
Essex,-,"Chittenden 6-3",3,0,0,3
"Fair Haven",,,2,1,0,3
Fairfax,,,7,2,0,9
Fairfield,,,13,0,0,13
Fairlee,,,6,1,0,7
Fayston,,,0,2,0,2
Ferrisburgh,,,4,4,0,8
Fletcher,,,0,4,0,4
Franklin,,,5,2,0,7
Georgia,,,14,3,0,17
Glover,,,28,1,0,29
Goshen,,,5,3,0,8
Grafton,,,1,0,0,1
Granby,,,1,1,0,2
"Grand Isle",,,36,3,0,39
Granville,,,0,1,0,1
Greensboro,,,1,3,0,4
Groton,,,8,2,0,10
Guilford,,,3,0,0,3
Halifax,,,0,1,0,1
Hancock,,,7,0,0,7
Hardwick,,,30,1,0,31
Hartford,-,"Windsor 6-1",4,0,0,4
Hartford,-,"Windsor 6-2",6,5,0,11
Hartland,,,13,2,0,15
Highgate,,,37,1,0,38
Hinesburg,-,"Chittenden 1-1",3,6,0,9
Hinesburg,-,"Chittenden 1-2",0,1,0,1
Holland,,,7,1,0,8
Hubbardton,,,3,0,0,3
Huntington,,,3,0,0,3
"Hyde Park",,,19,7,0,26
Ira,-,"Rutland Rutland 1-1",0,0,0,0
Ira,-,"Rutland Rutland 1-2",1,1,0,2
Irasburg,,,17,3,0,20
"Isle La Motte",,,5,2,0,7
Jamaica,,,7,1,0,8
Jay,,,10,0,0,10
Jericho,,,5,2,0,7
Johnson,,,12,0,0,12
Killington,,,5,0,0,5
Kirby,,,1,0,0,1
Leicester,,,2,2,0,4
Lincoln,,,0,25,0,25
Londonderry,,,6,2,0,8
Lowell,,,10,0,0,10
Ludlow,,,2,4,0,6
Lunenburg,,,25,3,0,28
Lyndon,,,18,4,0,22
Maidstone,,,3,1,0,4
Manchester,,,1,4,0,5
Marlboro,,,1,0,0,1
Marshfield,,,10,8,0,18
Mendon,,,1,4,0,5
Middlebury,,,16,1,0,17
Middlesex,,,6,1,0,7
"Middletown Springs",,,0,3,0,3
Milton,-,"Chittenden 9",4,7,0,11
Milton,-,"Grand Isle-Chittenden 1-1",1,0,0,1
Monkton,,,1,2,0,3
Montgomery,,,4,3,0,7
Montpelier,,,16,7,0,23
Moretown,,,9,3,0,12
Morgan,,,1,7,0,8
Morristown,,,19,6,0,25
"Mount Holly",,,0,3,0,3
"Mount Tabor",,,0,2,0,2
"New Haven",,,4,3,0,7
Newark,,,1,0,0,1
Newbury,-,"Center Town House",3,2,0,5
Newbury,-,"Town Office",0,2,0,2
Newbury,-,"West River Village",3,2,0,5
Newfane,,,2,1,0,3
"Newport City",,,27,1,0,28
"Newport Town",,,7,1,0,8
"N. Hero",,,12,1,0,13
Northfield,,,19,1,0,20
Norton,,,5,1,0,6
Norwich,,,2,4,0,6
Orange,,,14,2,0,16
Orwell,,,18,4,0,22
Panton,,,2,2,0,4
Pawlet,,,3,0,0,3
Peacham,,,5,0,0,5
Peru,,,1,0,0,1
Pittsfield,,,0,1,0,1
Pittsford,,,7,3,0,10
Plainfield,,,3,2,0,5
Pomfret,,,6,1,0,7
Poultney,,,4,2,0,6
Pownal,,,17,0,0,17
Proctor,,,5,3,0,8
Putney,,,2,1,0,3
Randolph,,,0,42,0,42
Reading,,,2,1,0,3
Readsboro,,,0,1,0,1
Richford,,,4,1,0,5
Richmond,,,4,3,0,7
Ripton,,,1,0,0,1
Rochester,,,6,0,0,6
Rockingham,,,10,3,0,13
Roxbury,,,2,0,0,2
Royalton,,,6,3,0,9
Rupert,,,0,1,0,1
"Rutland City",-,"Rutland 5-1",3,8,0,11
"Rutland City",-,"Rutland 5-2",0,18,0,18
"Rutland City",-,"Rutland 5-3",0,9,0,9
"Rutland City",-,"Rutland 5-4",0,17,0,17
"Rutland Town",-,"Elem. School",3,10,0,13
"Rutland Town",-,"Town Hall",0,3,0,3
Ryegate,,,6,0,0,6
Salisbury,,,1,1,0,2
Sandgate,,,2,0,0,2
Searsburg,,,3,0,0,3
Shaftsbury,,,18,2,0,20
Sharon,,,4,1,0,5
Sheffield,,,4,2,0,6
Shelburne,-,"Chittenden 5-1",0,18,0,18
Shelburne,-,"Chittenden 5-2",24,3,0,27
Sheldon,,,36,0,0,36
Shoreham,,,7,4,0,11
Shrewsbury,,,2,1,0,3
"S. Burlington",-,"Chittenden 3-10",2,12,0,14
"S. Burlington",-,"Chittenden 3-7",6,5,0,11
"S. Burlington",-,"Chittenden 3-8",14,9,0,23
"S. Burlington",-,"Chittenden 3-9",10,11,0,21
"S. Hero",,,0,34,0,34
Springfield,-,"Windsor 1-1",0,0,0,0
Springfield,-,"Windsor 1-2",9,25,0,34
"St. Albans City",,,70,5,0,75
"St. Albans Town",,,49,5,0,54
"St. Johnsbury",,,32,21,0,53
Stannard,,,14,0,0,14
Starksboro,,,3,0,0,3
Stockbridge,,,0,1,0,1
Stowe,,,12,6,0,18
Strafford,,,0,5,0,5
Stratton,,,0,1,0,1
Sudbury,,,0,1,0,1
Sunderland,,,2,2,0,4
Sutton,,,17,2,0,19
Swanton,,,54,1,0,55
Thetford,,,11,1,0,12
Tinmouth,,,0,3,0,3
Topsham,,,1,4,0,5
Townshend,,,6,1,0,7
Troy,,,5,0,0,5
Tunbridge,,,15,4,0,19
Underhill,,,5,1,0,6
Vergennes,,,45,5,0,50
Vernon,,,14,5,0,19
Vershire,,,1,1,0,2
Waitsfield,,,4,2,0,6
Walden,,,4,1,0,5
Wallingford,,,0,4,0,4
Waltham,,,5,0,0,5
Wardsboro,,,2,0,0,2
Warren,,,4,0,0,4
Washington,,,7,0,0,7
Waterbury,,,9,0,0,9
Waterford,,,7,1,0,8
Waterville,,,1,0,0,1
Weathersfield,,,5,3,0,8
Wells,,,0,1,0,1
"W. Fairlee",,,1,0,0,1
"W. Haven",,,1,1,0,2
"W. Rutland",,,2,5,0,7
"W. Windsor",,,11,0,0,11
Westfield,,,16,0,0,16
Westford,,,4,2,0,6
Westminster,-,"Windham 4",0,1,0,1
Westminster,-,"Windham 5",9,1,0,10
Westmore,,,2,1,0,3
Weston,,,1,5,0,6
Weybridge,,,5,1,0,6
Wheelock,,,2,1,0,3
Whiting,,,5,0,0,5
Whitingham,,,3,0,0,3
Williamstown,,,17,15,0,32
Williston,,,15,2,0,17
Wilmington,,,4,1,0,5
Windham,,,3,0,0,3
Windsor,,,6,5,0,11
Winhall,,,2,1,0,3
Winooski,,,2,6,0,8
Wolcott,,,12,0,0,12
Woodbury,,,9,2,0,11
Woodford,,,1,0,0,1
Woodstock,,,5,5,0,10
Worcester,,,4,3,0,7
TOTALS,,,"2,142",862,0,"3,004"
