City/Town,Ward,Pct,"No Nomination",Write-Ins,Blanks,Spoiled,"Total Votes Cast"
,,
Arlington,,,-,0,1,0,1
Bakersfield,,,-,4,1,0,5
"Barre City",,,-,1,2,0,3
"Barre Town",,,-,6,0,0,6
Barton,,,-,1,0,0,1
Belvidere,,,-,0,0,1,1
Bennington,-,"Bennington 2-1",-,4,5,0,9
Bennington,-,"Bennington 2-2",-,3,3,0,6
Benson,,,-,0,1,0,1
Berlin,,,-,4,2,0,6
Bethel,,,-,5,1,0,6
Bolton,,,-,0,1,0,1
Bradford,,,-,1,0,0,1
Braintree,,,-,1,1,0,2
Brandon,,,-,0,1,0,1
Brattleboro,-,"Windham 2-1",-,1,0,0,1
Brattleboro,-,"Windham 2-2",-,2,1,0,3
Brattleboro,-,"Windham 2-3",-,8,3,0,11
Bridgewater,,,-,1,0,0,1
Bridport,,,-,0,3,0,3
Bristol,,,-,0,1,0,1
Brookfield,,,-,0,2,0,2
Burke,,,-,0,0,1,1
Burlington,-,"Chittenden 6-1",-,2,1,0,3
Burlington,-,"Chittenden 6-2",-,11,2,0,13
Burlington,-,"Chittenden 6-3",-,13,5,0,18
Burlington,-,"Chittenden 6-4",-,7,1,0,8
Burlington,-,"Chittenden 6-5",-,9,2,0,11
Burlington,-,"Chittenden 6-6",-,2,0,0,2
Burlington,-,"Chittenden 6-7",-,0,0,0,0
Cabot,,,-,1,1,0,2
Calais,,,-,3,1,0,4
Cambridge,,,-,4,0,0,4
Canaan,,,-,1,0,0,1
Castleton,,,-,3,2,0,5
Cavendish,,,-,1,0,0,1
Charleston,,,-,4,0,0,4
Charlotte,,,-,3,1,0,4
Chester,,,-,1,1,0,2
Clarendon,,,-,1,2,0,3
Colchester,-,"Chittenden 9-1",-,4,0,1,5
Colchester,-,"Chittenden 9-2",-,1,2,0,3
Corinth,,,-,1,1,0,2
Coventry,,,-,1,1,0,2
Craftsbury,,,-,1,0,0,1
Danby,,,-,1,1,0,2
Derby,,,-,1,1,0,2
Dorset,,,-,0,5,0,5
Dover,,,-,1,0,0,1
Dummerston,,,-,3,1,0,4
Duxbury,,,-,1,0,0,1
"E. Montpelier",,,-,0,1,0,1
Eden,,,-,3,0,0,3
Elmore,,,-,0,1,0,1
Enosburgh,,,-,12,1,0,13
Essex,-,"Chittenden 8-1",-,1,0,0,1
Essex,-,"Chittenden 8-2",-,2,1,0,3
Essex,-,"Chittenden 8-3",-,0,0,0,0
"Fair Haven",,,-,2,0,0,2
Fairfax,,,-,1,0,0,1
Fairfield,,,-,1,0,0,1
Fairlee,,,-,1,0,0,1
Fayston,,,-,1,1,0,2
Ferrisburgh,,,-,1,2,0,3
Fletcher,,,-,2,0,0,2
Franklin,,,-,6,0,0,6
Georgia,,,-,2,0,0,2
Glover,,,-,2,0,0,2
Goshen,,,-,1,0,0,1
"Grand Isle",,,-,3,1,0,4
Groton,,,-,1,3,0,4
Guilford,,,-,4,2,0,6
Halifax,,,-,0,4,0,4
Hardwick,,,-,6,0,0,6
Hartford,-,"Windsor 4-1",-,0,2,0,2
Hartford,-,"Windsor 4-2",-,1,1,0,2
Highgate,,,-,3,1,0,4
Hinesburg,-,"Chittenden 4-1",-,0,0,0,0
Hinesburg,-,"Chittenden 4-2",-,1,0,0,1
Huntington,,,-,1,3,0,4
"Hyde Park",,,-,2,0,0,2
Irasburg,,,-,1,0,0,1
"Isle La Motte",,,-,4,0,0,4
Jamaica,,,-,1,0,0,1
Jericho,,,-,1,1,0,2
Landgrove,,,-,0,1,0,1
Leicester,,,-,1,0,0,1
Londonderry,,,-,1,0,0,1
Lowell,,,-,1,0,0,1
Lunenburg,,,-,1,0,0,1
Lyndon,,,-,3,1,0,4
Marshfield,,,-,4,2,0,6
Middlebury,,,-,1,0,0,1
Middlesex,,,-,3,2,0,5
"Middletown Springs",,,-,2,3,0,5
Milton,-,"Chittenden 10",-,5,0,0,5
Milton,-,"Grand Isle-Chittenden",-,0,0,0,0
Monkton,,,-,1,0,0,1
Montgomery,,,-,6,1,0,7
Montpelier,,,-,8,4,0,12
Moretown,,,-,1,2,0,3
Morgan,,,-,0,1,0,1
Morristown,,,-,5,2,0,7
"New Haven",,,-,1,1,0,2
Newark,,,-,1,0,0,1
Newbury,,,-,2,3,0,5
Newfane,,,-,1,1,0,2
"Newport City",,,-,2,0,0,2
"Newport Town",,,-,3,0,0,3
Northfield,,,-,8,0,0,8
Norwich,,,-,4,1,0,5
Peacham,,,-,1,0,0,1
Pittsfield,,,-,1,0,0,1
Pittsford,,,-,1,3,0,4
Plainfield,,,-,4,0,0,4
Pomfret,,,-,3,0,0,3
Pownal,,,-,1,0,0,1
Proctor,,,-,1,0,0,1
Putney,,,-,3,2,0,5
Randolph,,,-,3,1,0,4
Readsboro,,,-,0,1,0,1
Richford,,,-,3,1,0,4
Richmond,,,-,1,3,0,4
Rochester,,,-,3,1,0,4
Rockingham,,,-,2,1,0,3
Royalton,,,-,1,0,0,1
Rupert,,,-,0,1,0,1
"Rutland City",-,"Rutland 5-1",-,0,0,0,0
"Rutland City",-,"Rutland 5-2",-,0,0,1,1
"Rutland City",-,"Rutland 5-3",-,0,0,1,1
"Rutland City",-,"Rutland 5-4",-,0,0,2,2
"Rutland Town",,,-,2,4,0,6
Ryegate,,,-,2,0,0,2
Salisbury,,,-,2,1,0,3
Shaftsbury,,,-,2,0,0,2
Sharon,,,-,1,0,0,1
Sheffield,,,-,1,0,0,1
Shelburne,-,"Chittenden 5-1",-,3,2,0,5
Shelburne,-,"Chittenden 5-2",-,1,0,0,1
Sheldon,,,-,2,1,0,3
"S. Burlington",-,"Chittenden 7-1",-,0,1,1,2
"S. Burlington",-,"Chittenden 7-2",-,0,1,0,1
"S. Burlington",-,"Chittenden 7-3",-,3,3,0,6
"S. Burlington",-,"Chittenden 7-4",-,2,2,0,4
"S. Hero",,,-,2,1,0,3
Springfield,-,"Windsor 3-1",-,0,0,0,0
Springfield,-,"Windsor 3-2",-,0,1,0,1
"St. Albans City",,,-,12,0,6,18
"St. Albans Town",-,"Franklin 3-1",-,1,0,0,1
"St. Albans Town",-,"Franklin 3-2",-,1,1,0,2
"St. Johnsbury",,,-,3,2,0,5
Stockbridge,,,-,0,2,0,2
Sudbury,,,-,0,0,1,1
Swanton,,,-,1,1,0,2
Thetford,,,-,1,0,0,1
Tinmouth,-,"Rutland 2",-,0,0,0,0
Tinmouth,-,Rutland-Bennington,-,0,2,0,2
Troy,-,"Orleans 2",-,2,0,0,2
Troy,-,Orleans-Lamoille,-,2,0,0,2
Tunbridge,,,-,3,2,0,5
Underhill,,,-,5,0,0,5
Vergennes,,,-,2,3,0,5
Vernon,,,-,0,2,0,2
Vershire,,,-,2,0,0,2
Waitsfield,,,-,1,0,0,1
Walden,,,-,4,1,0,5
Wallingford,,,-,2,1,0,3
Warren,,,-,1,0,0,1
Washington,,,-,2,0,0,2
Waterbury,,,-,2,0,0,2
Weathersfield,,,-,3,0,0,3
Wells,,,-,1,1,0,2
"W. Rutland",,,-,2,0,0,2
Westford,,,-,1,1,0,2
Westminster,-,"Windham 3",-,0,0,0,0
Westminster,-,"Windham 4",-,2,0,1,3
Weybridge,,,-,0,2,0,2
Wheelock,,,-,1,0,0,1
Williamstown,,,-,3,0,0,3
Williston,,,-,4,0,0,4
Windham,,,-,0,1,0,1
Windsor,,,-,1,0,0,1
Winhall,,,-,1,1,0,2
Winooski,,,-,5,7,0,12
Wolcott,,,-,2,0,0,2
Woodstock,,,-,3,2,0,5
Worcester,,,-,3,2,0,5
TOTALS,,,-,385,175,16,576
