City/Town,Ward,Pct,"Beth Pearce",Write-Ins,Blanks,Spoiled,"Total Votes Cast"
,,,
Arlington,,,0,0,1,0,1
Bakersfield,,,1,3,1,0,5
"Barre City",,,1,0,2,0,3
"Barre Town",,,3,1,2,0,6
Barton,,,0,0,1,0,1
Belvidere,,,0,0,1,0,1
Bennington,-,"Bennington 2-1",1,1,7,0,9
Bennington,-,"Bennington 2-2",1,2,3,0,6
Benson,,,0,0,1,0,1
Berlin,,,0,3,3,0,6
Bethel,,,0,2,4,0,6
Bolton,,,0,0,1,0,1
Bradford,,,0,0,1,0,1
Braintree,,,1,0,1,0,2
Brandon,,,0,0,1,0,1
Brattleboro,-,"Windham 2-1",0,0,0,1
Brattleboro,-,"Windham 2-2",2,1,0,3
Brattleboro,-,"Windham 2-3",6,5,0,11
Bridgewater,,,1,0,0,0,1
Bridport,,,0,0,3,0,3
Bristol,,,0,0,1,0,1
Brookfield,,,0,0,2,0,2
Burke,,,0,0,0,1,1
Burlington,-,"Chittenden 6-1",2,1,0,3
Burlington,-,"Chittenden 6-2",10,3,0,13
Burlington,-,"Chittenden 6-3",3,11,4,0,18
Burlington,-,"Chittenden 6-4",6,2,0,8
Burlington,-,"Chittenden 6-5",2,4,5,0,11
Burlington,-,"Chittenden 6-6",2,0,0,2
Burlington,-,"Chittenden 6-7",0,0,0,0
Cabot,,,0,0,2,0,2
Calais,,,3,1,0,0,4
Cambridge,,,0,2,2,0,4
Canaan,,,0,0,1,0,1
Castleton,,,0,0,5,0,5
Cavendish,,,0,0,1,0,1
Charleston,,,0,3,1,0,4
Charlotte,,,0,0,4,0,4
Chester,,,0,0,2,0,2
Clarendon,,,0,1,2,0,3
Colchester,-,"Chittenden 9-1",1,2,1,5
Colchester,-,"Chittenden 9-2",1,2,0,3
Corinth,,,1,0,1,0,2
Coventry,,,1,0,1,0,2
Craftsbury,,,0,1,0,0,1
Danby,,,1,0,1,0,2
Derby,,,0,1,1,0,2
Dorset,,,0,0,5,0,5
Dover,,,0,1,0,0,1
Dummerston,,,0,3,1,0,4
Duxbury,,,0,0,1,0,1
"E. Montpelier",,,0,0,1,0,1
Eden,,,2,0,1,0,3
Elmore,,,0,0,1,0,1
Enosburgh,,,3,9,1,0,13
Essex,-,"Chittenden 8-1",0,1,0,1
Essex,-,"Chittenden 8-2",1,1,0,3
Essex,-,"Chittenden 8-3",0,0,0,0
"Fair Haven",,,1,0,1,0,2
Fairfax,,,1,0,0,0,1
Fairfield,,,0,0,1,0,1
Fairlee,,,0,0,1,0,1
Fayston,,,1,0,1,0,2
Ferrisburgh,,,0,1,2,0,3
Fletcher,,,0,2,0,0,2
Franklin,,,2,4,0,0,6
Georgia,,,1,1,0,0,2
Glover,,,0,1,1,0,2
Goshen,,,0,0,1,0,1
"Grand Isle",,,0,2,2,0,4
Groton,,,1,0,3,0,4
Guilford,,,0,3,3,0,6
Halifax,,,0,0,4,0,4
Hardwick,,,0,4,2,0,6
Hartford,-,"Windsor 4-1",0,2,0,2
Hartford,-,"Windsor 4-2",0,2,0,2
Highgate,,,2,0,2,0,4
Hinesburg,-,"Chittenden 4-1",0,0,0,0
Hinesburg,-,"Chittenden 4-2",1,0,0,1
Huntington,,,0,1,3,0,4
"Hyde Park",,,0,1,1,0,2
Irasburg,,,0,0,1,0,1
"Isle La Motte",,,1,0,3,0,4
Jamaica,,,1,0,0,0,1
Jericho,,,0,1,1,0,2
Landgrove,,,0,0,1,0,1
Leicester,,,1,0,0,0,1
Londonderry,,,1,0,0,0,1
Lowell,,,0,1,0,0,1
Lunenburg,,,0,0,1,0,1
Lyndon,,,1,1,2,0,4
Marshfield,,,0,3,3,0,6
Middlebury,,,0,1,0,0,1
Middlesex,,,0,2,2,1,5
"Middletown Springs",,,0,1,4,0,5
Milton,-,"Chittenden 10",1,1,0,5
Milton,-,"Grand Isle-Chittenden",0,0,0,0
Monkton,,,1,0,0,0,1
Montgomery,,,2,3,2,0,7
Montpelier,,,2,6,4,0,12
Moretown,,,1,0,2,0,3
Morgan,,,0,0,1,0,1
Morristown,,,2,3,2,0,7
"New Haven",,,0,1,1,0,2
Newark,,,0,1,0,0,1
Newbury,,,0,1,4,0,5
Newfane,,,0,1,1,0,2
"Newport City",,,0,1,1,0,2
"Newport Town",,,0,1,2,0,3
Northfield,,,0,7,1,0,8
Norwich,,,0,5,0,0,5
Peacham,,,0,0,1,0,1
Pittsfield,,,0,0,1,0,1
Pittsford,,,0,1,3,0,4
Plainfield,,,1,3,0,0,4
Pomfret,,,1,1,1,0,3
Pownal,,,0,0,1,0,1
Proctor,,,0,0,1,0,1
Putney,,,0,3,2,0,5
Randolph,,,1,0,3,0,4
Readsboro,,,0,0,1,0,1
Richford,,,3,0,1,0,4
Richmond,,,0,1,2,1,4
Rochester,,,1,2,1,0,4
Rockingham,,,0,1,2,0,3
Royalton,,,0,0,1,0,1
Rupert,,,0,0,1,0,1
"Rutland City",-,"Rutland 5-1",0,0,0,0
"Rutland City",-,"Rutland 5-2",0,0,1,1
"Rutland City",-,"Rutland 5-3",0,0,1,1
"Rutland City",-,"Rutland 5-4",0,1,1,2
"Rutland Town",,,0,1,5,0,6
Ryegate,,,0,2,0,0,2
Salisbury,,,0,1,2,0,3
Shaftsbury,,,0,1,1,0,2
Sharon,,,0,0,0,1,1
Sheffield,,,0,1,0,0,1
Shelburne,-,"Chittenden 5-1",2,3,0,5
Shelburne,-,"Chittenden 5-2",0,0,0,1
Sheldon,,,0,2,1,0,3
"S. Burlington",-,"Chittenden 7-1",0,1,1,2
"S. Burlington",-,"Chittenden 7-2",0,1,0,1
"S. Burlington",-,"Chittenden 7-3",1,1,4,0,6
"S. Burlington",-,"Chittenden 7-4",1,1,2,0,4
"S. Hero",,,1,0,2,0,3
Springfield,-,"Windsor 3-1",0,0,0,0
Springfield,-,"Windsor 3-2",0,1,0,1
"St. Albans City",,,6,3,0,9,18
"St. Albans Town",-,"Franklin 3-1",0,1,0,1
"St. Albans Town",-,"Franklin 3-2",1,1,0,2
"St. Johnsbury",,,1,1,3,0,5
Stockbridge,,,0,0,2,0,2
Sudbury,,,0,0,0,1,1
Swanton,,,0,1,1,0,2
Thetford,,,0,0,1,0,1
Tinmouth,-,"Rutland 2",0,0,0,0
Tinmouth,-,Rutland-Bennington,0,2,0,2
Troy,-,"Orleans 2",1,0,0,2
Troy,-,Orleans-Lamoille,0,2,0,2
Tunbridge,,,0,2,3,0,5
Underhill,,,0,5,0,0,5
Vergennes,,,0,3,2,0,5
Vernon,,,0,0,2,0,2
Vershire,,,0,0,2,0,2
Waitsfield,,,1,0,0,0,1
Walden,,,0,0,5,0,5
Wallingford,,,0,2,1,0,3
Warren,,,0,1,0,0,1
Washington,,,0,2,0,0,2
Waterbury,,,2,0,0,0,2
Weathersfield,,,0,1,2,0,3
Wells,,,1,0,1,0,2
"W. Rutland",,,1,1,0,0,2
Westford,,,0,1,1,0,2
Westminster,-,"Windham 3",0,0,0,0
Westminster,-,"Windham 4",2,0,1,3
Weybridge,,,0,0,2,0,2
Wheelock,,,0,0,1,0,1
Williamstown,,,1,1,1,0,3
Williston,,,1,2,1,0,4
Windham,,,0,0,1,0,1
Windsor,,,0,1,0,0,1
Winhall,,,0,0,2,0,2
Winooski,,,0,6,6,0,12
Wolcott,,,0,1,1,0,2
Woodstock,,,0,3,2,0,5
Worcester,,,0,2,3,0,5
TOTALS,,,79,209,268,20,576
