City/Town,Ward,Pct,"William H. Sorrell","Ed Stokes",Write-Ins,Blanks,"Total Votes Cast"
,,,,
Addison,,,4,9,0,0,13
Albany,,,14,6,0,0,20
Alburgh,,,37,8,0,0,45
Andover,,,1,1,0,0,2
Arlington,,,3,2,0,0,5
Athens,,,0,26,0,0,26
Bakersfield,,,14,0,0,0,14
Baltimore,,,3,0,0,0,3
Barnard,,,7,8,0,0,15
Barnet,,,11,14,0,0,25
"Barre City",-,"Washington 4-1",15,48,0,0,63
"Barre City",-,"Washington 4-2",59,33,0,0,92
"Barre Town",,,213,96,0,0,309
Barton,-,"Barton Memorial",124,8,0,0,132
Barton,-,"Orleans Memorial",57,1,0,0,58
Belvidere,,,1,1,0,0,2
Bennington,-,"Bennington 2-1",4,5,0,0,9
Bennington,-,"Bennington 2-1 Nb",1,2,0,0,3
Bennington,-,"Bennington 2-2",2,1,0,0,3
Bennington,-,"Bennington 2-3",9,8,0,0,17
Benson,,,3,1,0,0,4
Berkshire,,,22,0,0,0,22
Berlin,,,19,25,0,0,44
Bethel,,,7,13,0,0,20
Bloomfield,,,1,0,0,0,1
Bolton,,,21,8,0,0,29
Bradford,,,64,13,0,0,77
Braintree,,,16,34,0,0,50
Brandon,,,24,4,0,0,28
Brattleboro,-,"Windham 2-1",8,2,0,0,10
Brattleboro,-,"Windham 2-2",17,6,0,0,23
Brattleboro,-,"Windham 2-3",5,3,0,0,8
Bridgewater,,,15,4,0,0,19
Bridport,,,15,34,0,0,49
Brighton,,,7,2,0,0,9
Bristol,,,18,10,0,0,28
Brookfield,,,14,29,0,0,43
Brookline,,,1,7,0,0,8
Brownington,,,24,0,0,0,24
Brunswick,,,1,0,0,0,1
Burke,,,10,6,0,0,16
Burlington,-,"Chittenden 7-1 Ward 5",28,20,0,0,48
Burlington,-,"Chittenden 7-1 Ward 6",4,2,0,0,6
Burlington,-,"Chittenden 7-2 Ward 2",2,1,0,0,3
Burlington,-,"Chittenden 7-2 Ward 3",8,4,0,0,12
Burlington,-,"Chittenden 7-3 Ward 1",20,9,0,0,29
Burlington,-,"Chittenden 7-3 Ward 2",0,1,0,0,1
Burlington,-,"Chittenden 7-3 Ward 6",2,0,0,0,2
Burlington,-,"Chittenden 7-4 Ward 2",3,2,0,0,5
Burlington,-,"Chittenden 7-5 Ward 4",3,0,0,0,3
Burlington,-,"Chittenden 7-5 Ward 7",11,5,0,0,16
Burlington,-,"Chittenden 7-6 Ward 4",25,9,0,0,34
Burlington,-,"Chittenden 7-6 Ward 7",13,10,0,0,23
Burlington,-,"Chittenden 7-7 Ward 6",6,6,0,0,12
Cabot,,,7,1,0,0,8
Calais,,,5,6,0,0,11
Cambridge,,,17,10,0,0,27
Canaan,,,2,2,0,0,4
Castleton,,,6,3,0,0,9
Cavendish,,,6,4,0,0,10
Charleston,,,16,3,0,0,19
Charlotte,,,11,12,0,0,23
Chelsea,,,42,21,0,0,63
Chester,,,11,0,0,0,11
Chittenden,,,1,76,0,0,77
Clarendon,,,11,16,0,0,27
Colchester,-,"Chittenden 1-1",30,25,0,0,55
Colchester,-,"Chittenden 1-2",20,11,0,0,31
Concord,,,6,1,0,0,7
Corinth,,,4,44,0,0,48
Cornwall,,,6,3,0,0,9
Coventry,,,20,5,0,0,25
Craftsbury,,,28,3,0,0,31
Danby,,,11,0,0,0,11
Danville,,,14,15,0,0,29
Derby,,,223,18,0,0,241
Dorset,,,6,3,0,0,9
Dover,,,1,0,0,0,1
Dummerston,,,6,0,0,0,6
Duxbury,,,9,0,0,0,9
"E. Haven",,,1,0,0,0,1
"E. Montpelier",,,25,24,0,0,49
Eden,,,13,1,0,0,14
Elmore,,,10,2,0,0,12
Enosburgh,,,38,2,0,0,40
Essex,-,"Chittenden 2-1",41,50,0,0,91
Essex,-,"Chittenden 2-3",2,3,0,0,5
Essex,-,"Chittenden 2-4",52,47,0,0,99
"Fair Haven",,,5,0,0,0,5
Fairfax,,,17,6,0,0,23
Fairfield,,,21,3,0,0,24
Fairlee,,,6,8,0,0,14
Fayston,,,5,8,0,0,13
Ferrisburgh,,,20,18,0,0,38
Fletcher,,,13,7,0,0,20
Georgia,,,14,8,0,0,22
Glover,,,30,0,0,0,30
Goshen,,,1,0,0,0,1
Grafton,,,4,10,0,0,14
Granby,,,2,0,0,0,2
"Grand Isle",,,25,3,0,0,28
Granville,,,1,1,0,0,2
Greensboro,,,7,7,0,0,14
Groton,,,5,6,0,0,11
Guildhall,,,0,2,0,0,2
Guilford,,,6,3,0,0,9
Halifax,,,7,0,0,0,7
Hancock,,,12,1,0,0,13
Hardwick,,,11,4,0,0,15
Hartford,-,"Windsor 2-1",4,0,0,0,4
Hartford,-,"Windsor 2-2",25,5,0,0,30
Hartland,,,18,27,0,0,45
Highgate,,,36,14,0,0,50
Hinesburg,,,39,21,0,0,60
Holland,,,5,3,0,0,8
Hubbardton,,,1,1,0,0,2
Huntington,,,11,16,0,0,27
"Hyde Park",,,48,10,0,0,58
Irasburg,,,57,6,0,0,63
"Isle La Motte",,,7,0,0,0,7
Jay,,,12,0,0,0,12
Jericho,,,14,27,0,0,41
Johnson,,,35,0,0,0,35
Kirby,,,3,5,0,0,8
Landgrove,,,1,0,0,0,1
Leicester,,,9,0,0,0,9
Lemington,,,1,0,0,0,1
Lincoln,,,4,6,0,0,10
Londonderry,,,8,0,0,0,8
Lowell,,,17,4,0,0,21
Ludlow,,,9,17,0,0,26
Lunenburg,-,"Comm. Hall",7,2,0,0,9
Lunenburg,-,Gilman,10,1,0,0,11
Lyndon,,,20,19,0,0,39
Maidstone,,,2,0,0,0,2
Manchester,,,3,2,0,0,5
Marlboro,,,2,0,0,0,2
Marshfield,,,15,9,0,0,24
Mendon,,,0,4,0,0,4
Middlebury,,,40,9,0,0,49
Middlesex,,,14,20,0,0,34
"Middletown Springs",,,1,0,0,0,1
Milton,-,"Chittenden 2-2",22,31,0,0,53
Milton,-,"Chittenden 2-3",3,3,0,0,6
Monkton,,,6,8,0,0,14
Montgomery,,,7,0,0,0,7
Montpelier,-,"Washington 5",46,24,0,0,70
Montpelier,-,"Washington-Lamoille 1-1",3,5,0,0,8
Moretown,,,12,6,0,0,18
Morgan,,,8,0,0,0,8
Morristown,,,61,9,0,0,70
"Mount Holly",,,4,5,0,0,9
"Mount Tabor",,,4,1,0,0,5
"New Haven",,,16,9,0,0,25
Newark,,,3,4,0,0,7
Newbury,-,1,7,0,0,0,7
Newbury,-,"Center Town House",3,5,0,0,8
Newbury,-,"West River Village",7,0,0,0,7
Newfane,,,4,3,0,0,7
"Newport City",,,116,12,0,0,128
"Newport Town",,,86,1,0,0,87
"N. Hero",,,12,2,0,0,14
Northfield,,,16,13,0,0,29
Norton,,,9,0,0,0,9
Norwich,,,4,4,0,0,8
Orange,,,11,99,0,0,110
Orwell,,,11,2,0,0,13
Panton,,,6,7,0,0,13
Pawlet,,,4,1,0,0,5
Peacham,,,6,5,0,0,11
Peru,,,5,0,0,0,5
Pittsfield,,,2,2,0,0,4
Pittsford,,,9,52,0,0,61
Plainfield,,,5,7,0,0,12
Plymouth,,,1,3,0,0,4
Pomfret,,,7,6,0,0,13
Poultney,,,4,19,0,0,23
Pownal,,,1,3,0,0,4
Putney,,,3,8,0,0,11
Randolph,,,31,95,0,0,126
Reading,,,2,0,0,0,2
Readsboro,,,3,0,0,0,3
Richford,,,26,0,0,0,26
Richmond,,,11,19,0,0,30
Ripton,,,4,2,0,0,6
Rochester,,,6,1,0,0,7
Rockingham,,,53,16,0,0,69
Roxbury,,,1,6,0,0,7
Royalton,,,10,82,0,0,92
Rupert,,,1,0,0,0,1
"Rutland City",-,"Rutland 6-1 Ward 1",9,21,0,0,30
"Rutland City",-,"Rutland 6-2 Ward 2",8,7,0,0,15
"Rutland City",-,"Rutland 6-3 Ward 3a",14,0,0,0,14
"Rutland City",-,"Rutland 6-3 Ward 3b",8,2,0,0,10
"Rutland City",-,"Rutland 6-4 Ward 4",3,6,0,0,9
"Rutland Town",,,11,9,0,0,20
Ryegate,,,17,5,0,0,22
Salisbury,,,7,1,0,0,8
Sandgate,,,2,2,0,0,4
Searsburg,,,1,1,0,0,2
Shaftsbury,,,13,6,0,0,19
Sharon,,,4,5,0,0,9
Sheffield,,,3,0,0,0,3
Shelburne,-,"Chittenden 5-1",2,13,0,0,15
Shelburne,-,"Chittenden 5-3",0,1,0,0,1
Shelburne,-,"Chittenden 5-4",33,20,0,0,53
Sheldon,,,28,0,0,0,28
Sherburne,,,3,4,0,0,7
Shoreham,,,9,3,0,0,12
Shrewsbury,,,5,5,0,0,10
"S. Burlington",-,"Chittenden 7-10",8,13,0,0,21
"S. Burlington",-,"Chittenden 7-7",2,5,0,0,7
"S. Burlington",-,"Chittenden 7-8",20,11,0,0,31
"S. Burlington",-,"Chittenden 7-9",16,9,0,0,25
"S. Hero",,,24,7,0,0,31
Springfield,-,"Windsor 1-1",3,2,0,0,5
Springfield,-,"Windsor 6",8,7,0,0,15
"St. Albans City",,,112,6,0,0,118
"St. Albans Town",,,53,7,0,0,60
"St. George",,,3,0,0,0,3
"St. Johnsbury",,,33,12,0,0,45
Stockbridge,,,5,4,0,0,9
Stowe,,,28,9,0,0,37
Strafford,,,2,4,0,0,6
Sudbury,,,8,1,0,0,9
Sunderland,,,2,1,0,0,3
Sutton,,,6,4,0,0,10
Swanton,,,216,0,0,0,216
Thetford,,,20,8,0,0,28
Tinmouth,,,1,2,0,0,3
Topsham,,,24,61,0,0,85
Townshend,,,8,20,0,0,28
Troy,,,16,0,0,0,16
Tunbridge,,,17,1,0,0,18
Underhill,,,13,17,0,0,30
Vergennes,,,30,2,0,0,32
Vernon,,,15,7,0,0,22
Vershire,,,4,3,0,0,7
Victory,,,1,0,0,0,1
Waitsfield,,,5,5,0,0,10
Walden,,,3,1,0,0,4
Wallingford,,,8,4,0,0,12
Waltham,,,7,1,0,0,8
Wardsboro,,,3,0,0,0,3
Warren,,,1,2,0,0,3
Washington,,,3,100,0,0,103
Waterbury,,,17,20,0,0,37
Waterford,,,4,4,0,0,8
Waterville,,,11,15,0,0,26
Weathersfield,,,2,11,0,0,13
Wells,,,0,8,0,0,8
"W. Fairlee",,,1,2,0,0,3
"W. Haven",,,2,0,0,0,2
"W. Rutland",,,2,7,0,0,9
"W. Windsor",,,29,3,0,0,32
Westfield,,,37,0,0,0,37
Westford,,,7,13,0,0,20
Westminster,,,11,16,0,0,27
Westmore,,,23,0,0,0,23
Weston,,,2,2,0,0,4
Weybridge,,,4,0,0,0,4
Wheelock,,,1,2,0,0,3
Whiting,,,4,0,0,0,4
Whitingham,,,2,37,0,0,39
Williamstown,,,21,155,0,0,176
Williston,-,"Chittenden 5-1",13,2,0,0,15
Williston,-,"Chittenden 5-2",25,41,0,0,66
Wilmington,,,6,5,0,0,11
Windham,,,3,1,0,0,4
Windsor,,,0,11,0,0,11
Winhall,,,1,0,0,0,1
Winooski,-,Armory,5,2,0,0,7
Winooski,-,"St. Francis",15,14,0,0,29
Wolcott,,,11,4,0,0,15
Woodbury,,,5,0,0,0,5
Woodford,,,1,0,0,0,1
Woodstock,,,14,15,0,0,29
Worcester,,,7,3,0,0,10
TOTALS,,,"4,283","2,701",0,0,"6,984"
