City/Town,Ward,Pct,"Howard Dean","Brian Pearl",Write-Ins,Blanks,"Total Votes Cast"
,,,,
Addison,,,43,4,1,0,48
Albany,,,36,4,1,0,41
Alburgh,,,60,21,11,0,92
Andover,,,35,4,2,0,41
Arlington,,,94,13,0,0,107
Athens,,,12,5,0,0,17
Bakersfield,,,84,27,13,0,124
Baltimore,,,6,6,2,0,14
Barnard,,,40,10,1,0,51
Barnet,,,54,8,5,0,67
"Barre City",-,"Washington 4-1",142,29,2,0,173
"Barre City",-,"Washington 4-2",194,49,14,0,257
"Barre Town",,,293,55,65,0,413
Barton,-,"Barton Memorial",53,9,23,0,85
Barton,-,"Orleans Memorial",33,7,11,0,51
Belvidere,,,11,0,2,0,13
Bennington,-,"Bennington 2-1",110,13,1,0,124
Bennington,-,"Bennington 2-1 Nb",69,4,0,0,73
Bennington,-,"Bennington 2-2",44,4,0,0,48
Bennington,-,"Bennington 2-3",222,38,0,0,260
Bennington,-,"Bennington 2-4",2,1,0,0,3
Benson,,,28,5,3,0,36
Berkshire,,,74,39,24,0,137
Berlin,,,80,22,2,0,104
Bethel,,,116,13,6,0,135
Bloomfield,,,5,1,0,0,6
Bolton,,,65,8,13,0,86
Bradford,,,114,9,17,0,140
Braintree,,,77,9,0,0,86
Brandon,,,128,16,4,0,148
Brattleboro,-,"Windham 2-1",258,32,12,0,302
Brattleboro,-,"Windham 2-2",314,49,15,0,378
Brattleboro,-,"Windham 2-3",275,28,12,0,315
Bridgewater,,,36,5,6,0,47
Bridport,,,55,6,2,0,63
Brighton,,,59,24,6,0,89
Bristol,,,331,51,10,0,392
Brookfield,,,105,23,2,0,130
Brookline,,,25,2,0,0,27
Brownington,,,21,8,1,0,30
Brunswick,,,3,2,0,0,5
Burke,,,58,3,3,0,64
Burlington,-,"Chittenden 7-1 Ward 5",486,41,12,0,539
Burlington,-,"Chittenden 7-1 Ward 6",216,8,6,0,230
Burlington,-,"Chittenden 7-2 Ward 2",48,3,3,0,54
Burlington,-,"Chittenden 7-2 Ward 3",335,41,19,0,395
Burlington,-,"Chittenden 7-2 Ward 5",16,1,0,0,17
Burlington,-,"Chittenden 7-3 Ward 1",366,18,11,0,395
Burlington,-,"Chittenden 7-3 Ward 2",20,0,0,0,20
Burlington,-,"Chittenden 7-3 Ward 6",36,1,1,0,38
Burlington,-,"Chittenden 7-4 Ward 2",183,25,11,0,219
Burlington,-,"Chittenden 7-5 Ward 3",17,1,0,0,18
Burlington,-,"Chittenden 7-5 Ward 4",121,8,2,0,131
Burlington,-,"Chittenden 7-5 Ward 7",279,40,3,0,322
Burlington,-,"Chittenden 7-6 Ward 4",452,34,4,0,490
Burlington,-,"Chittenden 7-6 Ward 7",202,34,8,0,244
Burlington,-,"Chittenden 7-7 Ward 6",236,9,3,0,248
Cabot,,,49,12,0,0,61
Calais,,,132,5,4,0,141
Cambridge,,,111,6,2,0,119
Canaan,,,25,10,0,0,35
Castleton,,,103,13,4,0,120
Cavendish,,,54,5,1,0,60
Charleston,,,16,3,4,0,23
Charlotte,,,269,19,4,0,292
Chelsea,,,58,7,3,0,68
Chester,,,226,28,4,0,258
Chittenden,,,37,4,2,0,43
Clarendon,,,119,35,2,0,156
Colchester,-,"Chittenden 1-1",272,29,9,0,310
Colchester,-,"Chittenden 1-2",258,46,3,0,307
Colchester,-,"Chittenden 1-3",1,0,0,0,1
Concord,,,19,3,1,0,23
Corinth,,,116,3,4,0,123
Cornwall,,,93,3,0,0,96
Coventry,,,18,5,1,0,24
Craftsbury,,,74,5,5,0,84
Danby,,,38,11,3,0,52
Danville,,,78,8,1,0,87
Derby,,,131,27,38,0,196
Dorset,,,47,8,3,0,58
Dover,,,31,4,0,0,35
Dummerston,,,136,18,5,0,159
Duxbury,,,93,15,2,0,110
"E. Haven",,,10,5,1,0,16
"E. Montpelier",,,163,15,3,0,181
Eden,,,30,3,5,0,38
Elmore,,,71,2,0,0,73
Enosburgh,,,263,96,46,0,405
Essex,-,"Chittenden 2-1",367,34,2,0,403
Essex,-,"Chittenden 2-3",33,7,0,0,40
Essex,-,"Chittenden 2-4",415,63,9,0,487
"Fair Haven",,,61,13,3,0,77
Fairfax,,,125,28,5,0,158
Fairfield,,,81,23,16,0,120
Fairlee,,,51,3,0,0,54
Fayston,,,65,3,2,0,70
Ferrisburgh,,,106,14,2,0,122
Fletcher,,,60,6,0,0,66
Franklin,,,27,7,9,0,43
Georgia,,,109,30,4,0,143
Glover,,,54,4,2,0,60
Goshen,,,15,2,0,0,17
Grafton,,,66,15,2,0,83
Granby,,,3,0,0,0,3
"Grand Isle",,,137,30,6,0,173
Granville,,,12,3,1,0,16
Greensboro,,,36,3,2,0,41
Groton,,,26,3,1,0,30
Guildhall,,,5,2,1,0,8
Guilford,,,136,12,5,0,153
Halifax,,,26,3,1,0,30
Hancock,,,17,2,3,0,22
Hardwick,,,105,19,6,0,130
Hartford,-,"Windsor 2-1",118,10,2,0,130
Hartford,-,"Windsor 2-2",412,53,8,0,473
Hartland,,,208,19,10,0,237
Highgate,,,84,35,8,0,127
Hinesburg,,,310,26,18,0,354
Holland,,,13,4,1,0,18
Hubbardton,,,10,1,0,0,11
Huntington,,,205,11,8,0,224
"Hyde Park",,,121,8,6,0,135
Ira,,,13,1,0,0,14
Irasburg,,,22,6,9,0,37
"Isle La Motte",,,9,9,1,0,19
Jamaica,,,34,4,10,0,48
Jay,,,14,7,2,0,23
Jericho,,,354,16,4,0,374
Johnson,,,100,8,13,0,121
Kirby,,,16,6,0,0,22
Landgrove,,,8,0,0,0,8
Leicester,,,32,5,0,0,37
Lemington,,,2,1,0,0,3
Lincoln,,,182,12,2,0,196
Londonderry,,,56,12,1,0,69
Lowell,,,15,7,8,0,30
Ludlow,,,62,20,1,0,83
Lunenburg,-,"Comm. Hall",14,4,3,0,21
Lunenburg,-,Gilman,5,1,2,0,8
Lyndon,,,121,19,4,0,144
Maidstone,,,1,0,0,0,1
Manchester,,,99,13,2,0,114
Marlboro,,,93,13,7,0,113
Marshfield,,,93,9,2,0,104
Mendon,,,26,3,1,0,30
Middlebury,,,363,28,5,0,396
Middlesex,,,107,7,3,0,117
"Middletown Springs",,,120,18,1,0,139
Milton,-,"Chittenden 2-2",235,31,7,0,273
Milton,-,"Chittenden 2-3",54,8,0,0,62
Monkton,,,170,15,3,0,188
Montgomery,,,51,6,1,0,58
Montpelier,-,"Washington 5",700,56,29,0,785
Montpelier,-,"Washington-Lamoille 1-1",26,0,1,0,27
Moretown,,,136,12,4,0,152
Morgan,,,23,9,0,0,32
Morristown,,,141,17,7,0,165
"Mount Holly",,,86,1,0,0,87
"Mount Tabor",,,11,0,0,0,11
"New Haven",,,137,17,2,0,156
Newark,,,28,9,2,0,39
Newbury,-,"Center Town House",12,2,1,0,15
Newbury,-,"Town Office",80,3,0,0,83
Newbury,-,"West River Village",30,4,1,0,35
Newfane,,,145,15,3,0,163
"Newport City",,,115,38,25,0,178
"Newport Town",,,34,7,22,0,63
"N. Hero",,,35,4,2,0,41
Northfield,,,301,38,8,0,347
Norton,,,3,0,2,0,5
Norwich,,,689,26,6,0,721
Orange,,,20,15,2,0,37
Orwell,,,48,9,1,0,58
Panton,,,37,1,1,0,39
Pawlet,,,62,2,1,0,65
Peacham,,,60,3,3,0,66
Peru,,,17,3,4,0,24
Pittsfield,,,17,1,0,0,18
Pittsford,,,79,13,2,0,94
Plainfield,,,86,9,12,0,107
Plymouth,,,10,5,1,0,16
Pomfret,,,74,7,2,0,83
Poultney,,,182,38,1,0,221
Pownal,,,58,11,0,0,69
Proctor,,,140,35,1,0,176
Putney,,,233,23,9,0,265
Randolph,,,308,48,9,0,365
Reading,,,45,9,2,0,56
Readsboro,,,25,5,2,0,32
Richford,,,185,76,26,0,287
Richmond,,,282,15,5,0,302
Ripton,,,31,1,0,0,32
Rochester,,,82,14,4,0,100
Rockingham,,,667,150,76,0,893
Roxbury,,,37,8,1,0,46
Royalton,,,231,44,1,0,276
Rupert,,,40,3,1,0,44
"Rutland City",-,"Rutland 6-1 Ward 1",188,17,3,0,208
"Rutland City",-,"Rutland 6-2 Ward 2",118,11,4,0,133
"Rutland City",-,"Rutland 6-3 Ward 3a",140,38,5,0,183
"Rutland City",-,"Rutland 6-3 Ward 3b",64,10,3,0,77
"Rutland City",-,"Rutland 6-4 Ward 4",134,17,4,0,155
"Rutland Town",,,145,23,4,0,172
Ryegate,,,29,10,1,0,40
Salisbury,,,51,5,2,0,58
Sandgate,,,20,4,0,0,24
Searsburg,,,0,5,0,0,5
Shaftsbury,,,103,11,3,0,117
Sharon,,,86,9,3,0,98
Sheffield,,,24,4,0,0,28
Shelburne,-,"Chittenden 5-1",128,9,3,0,140
Shelburne,-,"Chittenden 5-3",31,0,1,0,32
Shelburne,-,"Chittenden 5-4",333,19,4,0,356
Sheldon,,,53,20,9,0,82
Sherburne,,,17,6,0,0,23
Shoreham,,,46,5,1,0,52
Shrewsbury,,,92,14,0,0,106
"S. Burlington",-,"Chittenden 7-10",259,42,3,0,304
"S. Burlington",-,"Chittenden 7-7",130,12,1,0,143
"S. Burlington",-,"Chittenden 7-8",333,21,5,0,359
"S. Burlington",-,"Chittenden 7-9",298,24,3,0,325
"S. Hero",,,106,9,1,0,116
Springfield,-,"Windsor 1-1",135,16,4,0,155
Springfield,-,"Windsor 6",382,61,8,0,451
"St. Albans City",,,309,55,42,0,406
"St. Albans Town",-,"Franklin 3-1",1,3,0,0,4
"St. Albans Town",-,"Franklin 3-2",234,87,19,0,340
"St. George",,,43,5,1,0,49
"St. Johnsbury",,,205,30,10,0,245
Stamford,,,26,3,0,0,29
Stannard,,,13,1,2,0,16
Starksboro,,,168,12,3,0,183
Stockbridge,,,29,4,1,0,34
Stowe,,,121,29,5,0,155
Strafford,,,134,4,1,0,139
Stratton,,,3,2,2,0,7
Sudbury,,,46,6,0,0,52
Sunderland,,,23,4,3,0,30
Sutton,,,33,3,2,0,38
Swanton,,,176,47,58,0,281
Thetford,,,346,7,6,0,359
Tinmouth,,,24,2,0,0,26
Topsham,,,33,5,6,0,44
Townshend,,,71,4,5,0,80
Troy,,,34,16,6,0,56
Tunbridge,,,58,6,2,0,66
Underhill,,,204,8,2,0,214
Vergennes,,,93,14,8,0,115
Vernon,,,68,17,2,0,87
Vershire,,,22,2,1,0,25
Victory,,,2,4,0,0,6
Waitsfield,,,105,17,3,0,125
Walden,,,32,6,1,0,39
Wallingford,,,150,34,2,0,186
Waltham,,,19,4,0,0,23
Wardsboro,,,20,6,0,0,26
Warren,,,91,15,3,0,109
Washington,,,33,5,3,0,41
Waterbury,,,444,48,7,0,499
Waterford,,,31,4,2,0,37
Waterville,,,21,3,0,0,24
Weathersfield,,,143,27,5,0,175
Wells,,,29,9,1,0,39
"W. Fairlee",,,33,3,0,0,36
"W. Haven",,,9,2,2,0,13
"W. Rutland",,,60,23,1,0,84
"W. Windsor",,,53,4,3,0,60
Westfield,,,12,4,13,0,29
Westford,,,121,10,1,0,132
Westminster,,,239,38,15,0,292
Westmore,,,16,4,10,0,30
Weston,,,32,4,0,0,36
Weybridge,,,60,3,0,0,63
Wheelock,,,21,2,0,0,23
Whiting,,,19,3,1,0,23
Whitingham,,,25,6,2,0,33
Williamstown,,,78,27,5,0,110
Williston,-,"Chittenden 5-1",72,11,1,0,84
Williston,-,"Chittenden 5-2",323,38,10,0,371
Wilmington,,,45,17,3,0,65
Windham,,,49,12,4,0,65
Windsor,,,237,44,4,0,285
Winhall,,,12,1,2,0,15
Winooski,-,Armory,210,38,3,0,251
Winooski,-,"St. Francis",246,54,14,0,314
Wolcott,,,54,10,3,0,67
Woodbury,,,50,7,2,0,59
Woodford,,,9,1,1,0,11
Woodstock,,,221,29,0,0,250
Worcester,,,82,8,5,0,95
TOTALS,,,"31,366","4,357","1,446",0,"37,169"
