City/Town,Ward,Pct,"Cindy Hill","Boots Wardinski",Write-Ins,Blanks,"Total Votes Cast"
,,,,
Addison,,,1,0,0,0,1
Albany,,,0,1,0,0,1
Andover,,,2,0,0,0,2
Arlington,,,4,0,0,0,4
Bakersfield,,,3,2,1,0,6
Barnard,,,4,0,0,0,4
Barnet,,,3,0,0,0,3
"Barre City",-,"Washington 3-1",2,8,0,0,10
"Barre City",-,"Washington 3-2",7,2,1,0,10
"Barre City",-,"Washington 3-3",2,2,0,0,4
"Barre Town",,,2,2,0,0,4
Barton,-,"Barton Memorial",1,0,1,0,2
Barton,-,"Orleans Memorial",0,0,0,0,0
Bennington,-,"Bennington 2-1",12,1,1,0,14
Bennington,-,"Bennington 2-1 Nb",4,0,0,0,4
Bennington,-,"Bennington 2-2",3,1,0,0,4
Bennington,-,"Bennington 5",3,0,0,0,3
Benson,,,3,0,0,0,3
Berkshire,,,1,0,0,0,1
Berlin,,,0,0,1,0,1
Bethel,,,4,0,0,0,4
Bradford,,,3,1,0,0,4
Braintree,,,1,0,1,0,2
Brandon,,,15,1,0,0,16
Brattleboro,-,"Windham 3-1",17,7,1,0,25
Brattleboro,-,"Windham 3-2",16,4,0,0,20
Brattleboro,-,"Windham 3-3",32,5,0,0,37
Bridgewater,,,3,1,0,0,4
Bridport,,,2,1,0,0,3
Brighton,,,1,1,1,0,3
Bristol,,,9,2,0,0,11
Brookfield,,,2,0,1,0,3
Brookline,,,1,0,0,0,1
Brownington,,,2,2,0,0,4
Burke,,,1,0,0,0,1
Burlington,-,"Chittenden 3-1 Ward 4",6,5,1,0,12
Burlington,-,"Chittenden 3-1 Ward 7",4,0,1,0,5
Burlington,-,"Chittenden 3-2 Ward 2",6,0,0,0,6
Burlington,-,"Chittenden 3-2 Ward 3",2,0,0,0,2
Burlington,-,"Chittenden 3-2 Ward 4",1,1,0,0,2
Burlington,-,"Chittenden 3-2 Ward 7",7,3,2,0,12
Burlington,-,"Chittenden 3-3 Ward 2",12,0,0,0,12
Burlington,-,"Chittenden 3-3 Ward 3",39,11,1,0,51
Burlington,-,"Chittenden 3-3 Ward 5",2,1,0,0,3
Burlington,-,"Chittenden 3-3 Ward 6",2,0,0,0,2
Burlington,-,"Chittenden 3-3 Ward 7",2,0,0,0,2
Burlington,-,"Chittenden 3-4 Ward 1",27,5,1,0,33
Burlington,-,"Chittenden 3-4 Ward 2",14,2,2,0,18
Burlington,-,"Chittenden 3-4 Ward 6",1,2,1,0,4
Burlington,-,"Chittenden 3-5 Ward 5",16,4,1,0,21
Burlington,-,"Chittenden 3-5 Ward 6",12,1,1,0,14
Burlington,-,"Chittenden 3-6 Ward 1",8,1,0,0,9
Cabot,,,8,0,0,0,8
Calais,,,5,2,0,0,7
Cambridge,,,1,1,0,0,2
Canaan,,,1,0,0,0,1
Castleton,,,5,0,0,0,5
Cavendish,,,2,0,0,0,2
Charleston,,,2,0,0,0,2
Charlotte,,,7,1,0,0,8
Chelsea,,,1,2,0,0,3
Chester,,,4,1,0,0,5
Chittenden,,,3,0,0,0,3
Clarendon,,,3,1,1,0,5
Colchester,-,"Chittenden 7-1",21,2,1,0,24
Colchester,-,"Chittenden 7-2",7,3,1,0,11
Concord,,,1,0,0,0,1
Corinth,,,1,1,0,0,2
Cornwall,,,3,0,1,0,4
Craftsbury,,,2,1,1,0,4
Danby,,,1,0,0,0,1
Danville,,,2,1,0,0,3
Derby,,,5,0,0,0,5
Dorset,,,0,1,0,0,1
Dover,,,4,0,0,0,4
Dummerston,,,3,0,0,0,3
Duxbury,,,2,0,1,0,3
"E. Montpelier",,,6,0,1,0,7
Eden,,,3,2,0,0,5
Enosburgh,,,6,0,0,0,6
Essex,-,"Chittenden 6-1",5,0,0,0,5
Essex,-,"Chittenden 6-2",6,3,1,0,10
Essex,-,"Chittenden 6-3",1,0,0,0,1
"Fair Haven",,,1,3,0,0,4
Fairfax,,,1,2,1,0,4
Fairfield,,,2,0,0,0,2
Fayston,,,4,1,0,0,5
Ferrisburgh,,,3,1,0,0,4
Fletcher,,,1,0,0,0,1
Georgia,,,3,0,0,0,3
Glover,,,3,0,1,0,4
Goshen,,,2,0,0,0,2
Grafton,,,1,2,0,0,3
"Grand Isle",,,5,0,0,0,5
Granville,,,2,0,0,0,2
Greensboro,,,6,0,0,0,6
Groton,,,4,2,0,0,6
Guildhall,,,3,0,0,0,3
Guilford,,,11,0,0,0,11
Halifax,,,1,0,0,0,1
Hancock,,,2,0,0,0,2
Hardwick,,,8,10,0,0,18
Hartford,-,"Windsor 6-1",1,0,0,0,1
Hartford,-,"Windsor 6-2",13,6,0,0,19
Hartland,,,1,2,0,0,3
Highgate,,,5,2,0,0,7
Hinesburg,-,"Chittenden 1-1",8,0,1,0,9
Hinesburg,-,"Chittenden 1-2",0,0,0,0,0
Huntington,,,9,1,0,0,10
"Hyde Park",,,2,0,4,0,6
Irasburg,,,2,0,0,0,2
"Isle La Motte",,,2,0,0,0,2
Jamaica,,,6,4,0,0,10
Jericho,,,4,0,1,0,5
Johnson,,,6,3,1,0,10
Killington,,,1,0,0,0,1
Kirby,,,3,3,0,0,6
Landgrove,,,6,0,0,0,6
Lincoln,,,2,0,0,0,2
Londonderry,,,3,1,0,0,4
Lowell,,,2,0,0,0,2
Lyndon,,,2,0,0,0,2
Maidstone,,,1,0,0,0,1
Manchester,,,2,1,0,0,3
Marlboro,,,7,0,0,0,7
Marshfield,,,7,3,1,0,11
Mendon,,,2,1,0,0,3
Middlebury,,,20,4,2,0,26
Middlesex,,,8,4,1,0,13
"Middletown Springs",,,7,0,0,0,7
Milton,-,"Chittenden 9",5,1,1,0,7
Milton,-,"Chittenden Gi-Ch 1-1",0,0,0,0,0
Monkton,,,7,0,0,0,7
Montgomery,,,4,1,0,0,5
Montpelier,,,44,17,0,0,61
Moretown,,,3,0,0,0,3
Morgan,,,1,0,0,0,1
Morristown,,,3,3,0,0,6
"Mount Holly",,,8,0,0,0,8
"Mount Tabor",,,1,0,0,0,1
"New Haven",,,6,3,0,0,9
Newark,,,0,2,0,0,2
Newbury,-,"Center Town House",0,1,0,0,1
Newbury,-,"Town Office",0,6,0,0,6
Newbury,-,"West River Village",1,1,0,0,2
Newfane,,,9,2,0,0,11
"Newport City",,,6,2,0,0,8
"Newport Town",,,4,0,0,0,4
"N. Hero",,,1,0,0,0,1
Northfield,,,5,2,0,0,7
Norwich,,,9,3,0,0,12
Orwell,,,1,2,0,0,3
Panton,,,2,0,0,0,2
Peru,,,3,0,0,0,3
Pittsfield,,,0,1,0,0,1
Pittsford,,,4,0,0,0,4
Plainfield,,,2,4,0,0,6
Plymouth,,,2,0,0,0,2
Pownal,,,2,0,0,0,2
Proctor,,,1,0,0,0,1
Putney,,,15,1,0,0,16
Randolph,,,3,1,1,0,5
Reading,,,3,0,0,0,3
Richford,,,1,0,0,0,1
Richmond,,,4,1,6,0,11
Ripton,,,1,0,0,0,1
Rochester,,,10,2,0,0,12
Rockingham,,,5,2,0,0,7
Roxbury,,,4,2,0,0,6
Royalton,,,3,0,2,0,5
Rupert,,,2,3,0,0,5
"Rutland City",-,"Rutland 5-1",2,2,0,0,4
"Rutland City",-,"Rutland 5-2",2,1,0,0,3
"Rutland City",-,"Rutland 5-3",2,0,0,0,2
"Rutland City",-,"Rutland 5-4",7,1,0,0,8
"Rutland Town",,,4,0,0,0,4
Ryegate,,,3,0,0,0,3
Salisbury,,,2,0,0,0,2
Searsburg,,,1,0,0,0,1
Shaftsbury,,,6,0,1,0,7
Sharon,,,0,1,0,0,1
Sheffield,,,1,0,0,0,1
Shelburne,-,"Chittenden 5-1",6,2,1,0,9
Shelburne,-,"Chittenden 5-2",3,0,0,0,3
Shrewsbury,,,2,0,1,0,3
"S. Burlington",-,"Chittenden 3-10",4,4,0,0,8
"S. Burlington",-,"Chittenden 3-7",9,4,0,0,13
"S. Burlington",-,"Chittenden 3-8",7,1,1,0,9
"S. Burlington",-,"Chittenden 3-9",4,0,1,0,5
"S. Hero",,,0,1,1,0,2
Springfield,-,"Windsor 1-1",0,0,0,0,0
Springfield,-,"Windsor 1-2",29,13,1,0,43
"St. Albans City",,,6,1,0,0,7
"St. Albans Town",,,3,3,0,0,6
"St. Johnsbury",,,4,6,0,0,10
Stannard,,,0,1,0,0,1
Starksboro,,,0,3,0,0,3
Stockbridge,,,2,0,0,0,2
Stowe,,,2,0,1,0,3
Strafford,,,5,3,0,0,8
Stratton,,,1,0,0,0,1
Sudbury,,,1,0,0,0,1
Sunderland,,,1,0,0,0,1
Sutton,,,1,0,0,0,1
Swanton,,,4,2,2,0,8
Thetford,,,7,5,0,0,12
Topsham,,,1,4,0,0,5
Townshend,,,0,2,0,0,2
Tunbridge,,,1,2,0,0,3
Underhill,,,11,2,2,0,15
Vernon,,,0,1,0,0,1
Vershire,,,0,1,0,0,1
Waitsfield,,,8,1,1,0,10
Walden,,,3,2,0,0,5
Wallingford,,,2,0,0,0,2
Waltham,,,2,0,0,0,2
Wardsboro,,,1,0,0,0,1
Warren,,,7,1,0,0,8
Washington,,,2,0,0,0,2
Waterbury,,,9,1,0,0,10
Waterford,,,1,1,0,0,2
Weathersfield,,,6,0,0,0,6
Wells,,,3,1,0,0,4
"W. Fairlee",,,2,2,0,0,4
"W. Rutland",,,2,0,0,0,2
"W. Windsor",,,2,0,0,0,2
Westfield,,,2,1,1,0,4
Westford,,,6,1,0,0,7
Westminster,-,"Windham Ward 4",0,1,0,0,1
Westminster,-,"Windham Ward 5",15,1,1,0,17
Westmore,,,1,0,0,0,1
Weston,,,2,0,0,0,2
Weybridge,,,5,2,0,0,7
Wheelock,,,2,1,0,0,3
Whiting,,,0,1,0,0,1
Whitingham,,,1,0,0,0,1
Williamstown,,,1,2,1,0,4
Williston,,,8,2,0,0,10
Wilmington,,,7,0,1,0,8
Windsor,,,1,2,0,0,3
Winooski,,,5,2,2,0,9
Woodbury,,,3,4,1,0,8
Woodstock,,,4,2,0,0,6
Worcester,,,4,2,0,0,6
TOTALS,,,"1,089",320,71,0,"1,480"
