City/Town,Ward,Pct,"Michael J. Badamo","Pete Diamondstone",Write-Ins,Blanks,"Total Votes Cast"
,,,,
Addison,,,1,0,0,0,1
Andover,,,2,0,0,0,2
Arlington,,,2,4,1,0,7
Bakersfield,,,2,0,2,0,4
Baltimore,,,0,0,1,0,1
Barnard,,,2,2,0,0,4
Barnet,,,1,0,3,0,4
"Barre City",-,"Washington 3-1",6,4,5,0,15
"Barre City",-,"Washington 3-2",5,1,3,0,9
"Barre City",-,"Washington 3-3",0,0,1,0,1
"Barre Town",,,4,1,2,0,7
Barton,-,"Barton Memorial",1,0,1,0,2
Barton,-,"Orleans Memorial",1,1,0,0,2
Bennington,-,"Bennington 2-1",3,7,3,0,13
Bennington,-,"Bennington 2-1 Nb",1,0,4,0,5
Bennington,-,"Bennington 2-2",2,2,0,0,4
Bennington,-,"Bennington 5",2,1,0,0,3
Benson,,,1,1,2,0,4
Berkshire,,,0,1,0,0,1
Bethel,,,1,0,0,0,1
Bolton,,,2,2,0,0,4
Bradford,,,3,2,0,0,5
Braintree,,,0,1,1,0,2
Brandon,,,12,8,0,0,20
Brattleboro,-,"Windham 3-1",19,4,2,0,25
Brattleboro,-,"Windham 3-2",17,3,1,0,21
Brattleboro,-,"Windham 3-3",27,5,6,0,38
Bridgewater,,,4,1,1,0,6
Bridport,,,2,0,0,0,2
Brighton,,,2,1,0,0,3
Bristol,,,5,3,4,0,12
Brookfield,,,1,0,2,0,3
Brookline,,,0,1,0,0,1
Brownington,,,3,1,0,0,4
Burke,,,0,1,0,0,1
Burlington,-,"Chittenden 3-1 Ward 4",11,0,5,0,16
Burlington,-,"Chittenden 3-1 Ward 7",2,1,5,0,8
Burlington,-,"Chittenden 3-2 Ward 2",4,0,3,0,7
Burlington,-,"Chittenden 3-2 Ward 3",1,0,3,0,4
Burlington,-,"Chittenden 3-2 Ward 4",3,0,1,0,4
Burlington,-,"Chittenden 3-2 Ward 7",10,2,3,0,15
Burlington,-,"Chittenden 3-3 Ward 2",7,2,5,0,14
Burlington,-,"Chittenden 3-3 Ward 3",23,5,25,0,53
Burlington,-,"Chittenden 3-3 Ward 5",0,1,1,0,2
Burlington,-,"Chittenden 3-3 Ward 6",2,0,0,0,2
Burlington,-,"Chittenden 3-3 Ward 7",2,1,1,0,4
Burlington,-,"Chittenden 3-4 Ward 1",11,4,23,0,38
Burlington,-,"Chittenden 3-4 Ward 2",5,5,12,0,22
Burlington,-,"Chittenden 3-4 Ward 6",2,0,2,0,4
Burlington,-,"Chittenden 3-5 Ward 5",12,3,11,0,26
Burlington,-,"Chittenden 3-5 Ward 6",21,3,8,0,32
Burlington,-,"Chittenden 3-6 Ward 1",6,0,4,0,10
Cabot,,,1,2,5,0,8
Calais,,,3,1,3,0,7
Cambridge,,,1,1,1,0,3
Canaan,,,0,1,0,0,1
Castleton,,,3,2,0,0,5
Cavendish,,,1,0,1,0,2
Charleston,,,0,2,1,0,3
Charlotte,,,7,0,5,0,12
Chelsea,,,2,1,0,0,3
Chester,,,4,1,0,0,5
Chittenden,,,2,2,0,0,4
Clarendon,,,4,1,0,0,5
Colchester,-,"Chittenden 7-1",12,8,3,0,23
Colchester,-,"Chittenden 7-2",8,2,3,0,13
Concord,,,1,0,0,0,1
Corinth,,,0,2,0,0,2
Cornwall,,,2,0,1,0,3
Craftsbury,,,1,1,3,0,5
Danby,,,0,1,0,0,1
Danville,,,3,0,0,0,3
Derby,,,3,4,1,0,8
Dorset,,,0,1,0,0,1
Dover,,,3,1,0,0,4
Dummerston,,,4,0,0,0,4
Duxbury,,,3,1,0,0,4
"E. Montpelier",,,2,2,7,0,11
Eden,,,2,1,1,0,4
Enosburgh,,,2,3,1,0,6
Essex,-,"Chittenden 6-1",8,1,4,0,13
Essex,-,"Chittenden 6-2",9,1,2,0,12
Essex,-,"Chittenden 6-3",2,0,0,0,2
"Fair Haven",,,2,2,0,0,4
Fairfax,,,1,1,3,0,5
Fairfield,,,0,0,2,0,2
Fayston,,,5,1,0,0,6
Ferrisburgh,,,2,0,1,0,3
Fletcher,,,2,0,0,0,2
Georgia,,,2,1,0,0,3
Glover,,,1,1,3,0,5
Goshen,,,2,0,0,0,2
Grafton,,,0,3,0,0,3
"Grand Isle",,,3,3,2,0,8
Granville,,,2,0,0,0,2
Greensboro,,,2,3,1,0,6
Groton,,,1,2,1,0,4
Guildhall,,,2,0,0,0,2
Guilford,,,11,0,0,0,11
Halifax,,,1,0,0,0,1
Hancock,,,0,0,1,0,1
Hardwick,,,10,11,1,0,22
Hartford,-,"Windsor 6-1",1,1,0,0,2
Hartford,-,"Windsor 6-2",8,13,1,0,22
Hartland,,,3,0,0,0,3
Highgate,,,5,2,1,0,8
Hinesburg,-,"Chittenden 1-1",8,1,4,0,13
Hinesburg,-,"Chittenden 1-2",0,0,0,0,0
Hubbardton,,,1,0,0,0,1
Huntington,,,5,2,2,0,9
"Hyde Park",,,3,0,3,0,6
Irasburg,,,1,0,1,0,2
"Isle La Motte",,,1,0,1,0,2
Jamaica,,,6,5,0,0,11
Jay,,,0,0,1,0,1
Jericho,,,3,2,4,0,9
Johnson,,,3,4,5,0,12
Killington,,,1,1,0,0,2
Kirby,,,3,2,0,0,5
Landgrove,,,2,3,0,0,5
Leicester,,,1,0,0,0,1
Lincoln,,,2,2,0,0,4
Londonderry,,,0,4,0,0,4
Lowell,,,1,0,1,0,2
Ludlow,,,1,0,0,0,1
Lyndon,,,1,1,1,0,3
Maidstone,,,1,0,0,0,1
Manchester,,,2,1,1,0,4
Marlboro,,,21,3,6,0,30
Marshfield,,,6,1,8,0,15
Mendon,,,3,0,0,0,3
Middlebury,,,12,7,9,0,28
Middlesex,,,5,2,10,0,17
"Middletown Springs",,,1,1,6,0,8
Milton,-,"Chittenden 9",8,1,2,0,11
Milton,-,"Grand Isle-Chittenden 1-1",1,0,0,0,1
Monkton,,,3,0,3,0,6
Montgomery,,,2,1,2,0,5
Montpelier,,,49,7,24,0,80
Moretown,,,1,4,2,0,7
Morgan,,,0,1,0,0,1
Morristown,,,6,0,2,0,8
"Mount Holly",,,2,2,1,0,5
"Mount Tabor",,,2,1,0,0,3
"New Haven",,,3,3,3,0,9
Newark,,,0,2,0,0,2
Newbury,-,"Center Town House",1,0,0,0,1
Newbury,-,"Town Office",1,5,0,0,6
Newbury,-,"West River Village",1,1,0,0,2
Newfane,,,5,4,2,0,11
"Newport City",,,5,3,1,0,9
"Newport Town",,,1,1,2,0,4
"N. Hero",,,2,1,1,0,4
Northfield,,,5,2,2,0,9
Norwich,,,9,2,2,0,13
Orwell,,,0,2,0,0,2
Panton,,,2,0,3,0,5
Peacham,,,6,0,0,0,6
Peru,,,0,1,1,0,2
Pittsfield,,,0,1,1,0,2
Pittsford,,,4,1,0,0,5
Plainfield,,,4,3,2,0,9
Plymouth,,,0,2,0,0,2
Pownal,,,1,3,0,0,4
Proctor,,,1,0,1,0,2
Putney,,,12,4,1,0,17
Randolph,,,3,1,2,0,6
Reading,,,1,1,0,0,2
Richford,,,1,1,0,0,2
Richmond,,,5,1,6,0,12
Ripton,,,0,1,0,0,1
Rochester,,,7,3,2,0,12
Rockingham,,,4,4,2,0,10
Roxbury,,,2,3,1,0,6
Royalton,,,2,1,2,0,5
Rupert,,,4,1,0,0,5
"Rutland City",-,"Rutland 5-1",2,0,2,0,4
"Rutland City",-,"Rutland 5-2",4,1,3,0,8
"Rutland City",-,"Rutland 5-3",0,2,2,0,4
"Rutland City",-,"Rutland 5-4",6,3,1,0,10
"Rutland Town",,,0,2,2,0,4
Ryegate,,,2,1,1,0,4
Salisbury,,,1,1,2,0,4
Searsburg,,,0,1,0,0,1
Shaftsbury,,,4,0,2,0,6
Sharon,,,0,1,0,0,1
Sheffield,,,1,0,0,0,1
Shelburne,-,"Chittenden 5-1",8,2,2,0,12
Shelburne,-,"Chittenden 5-2",2,2,0,0,4
Shrewsbury,,,0,0,4,0,4
"S. Burlington",-,"Chittenden 3-10",7,1,1,0,9
"S. Burlington",-,"Chittenden 3-7",16,0,4,0,20
"S. Burlington",-,"Chittenden 3-8",16,1,3,0,20
"S. Burlington",-,"Chittenden 3-9",4,2,1,0,7
"S. Hero",,,1,1,1,0,3
Springfield,-,"Windsor 1-1",0,0,0,0,0
Springfield,-,"Windsor 1-2",25,27,0,0,52
"St. Albans City",,,6,3,0,0,9
"St. Albans Town",,,3,4,0,0,7
"St. George",,,0,0,1,0,1
"St. Johnsbury",,,4,4,1,0,9
Stannard,,,0,0,1,0,1
Starksboro,,,3,1,0,0,4
Stockbridge,,,0,2,0,0,2
Stowe,,,2,0,1,0,3
Strafford,,,3,1,3,0,7
Stratton,,,0,1,0,0,1
Sunderland,,,0,1,0,0,1
Sutton,,,0,1,0,0,1
Swanton,,,6,5,0,0,11
Thetford,,,6,4,0,0,10
Topsham,,,0,3,0,0,3
Townshend,,,0,3,0,0,3
Tunbridge,,,2,1,0,0,3
Underhill,,,6,0,10,0,16
Vergennes,,,0,0,1,0,1
Vernon,,,0,0,1,0,1
Vershire,,,2,0,0,0,2
Waitsfield,,,8,0,3,0,11
Walden,,,3,3,0,0,6
Wallingford,,,2,0,0,0,2
Waltham,,,1,0,0,0,1
Wardsboro,,,0,0,1,0,1
Warren,,,5,2,3,0,10
Washington,,,2,0,0,0,2
Waterbury,,,8,2,4,0,14
Waterford,,,2,1,0,0,3
Waterville,,,2,0,0,0,2
Weathersfield,,,3,0,3,0,6
Wells,,,0,4,0,0,4
"W. Fairlee",,,2,2,0,0,4
"W. Rutland",,,3,0,0,0,3
"W. Windsor",,,1,1,0,0,2
Westfield,,,2,1,2,0,5
Westford,,,8,1,2,0,11
Westminster,-,"Windham Ward 4",1,0,1,0,2
Westminster,-,"Windham Ward 5",6,9,3,0,18
Westmore,,,1,0,0,0,1
Weston,,,2,1,0,0,3
Weybridge,,,7,0,1,0,8
Wheelock,,,0,2,1,0,3
Whiting,,,1,0,0,0,1
Whitingham,,,1,0,0,0,1
Williamstown,,,4,0,1,0,5
Williston,,,12,1,7,0,20
Wilmington,,,4,3,1,0,8
Windsor,,,2,1,1,0,4
Winooski,,,2,3,4,0,9
Wolcott,,,1,0,0,0,1
Woodbury,,,5,1,3,0,9
Woodstock,,,8,3,0,0,11
Worcester,,,5,0,2,0,7
TOTALS,,,931,412,445,0,"1,788"
