City/Town,Ward,Pct,"William Meub","Greg Parke","Karen Kerin",Write-Ins,Blanks,"Total Votes Cast"
,,,,,
Addison,,,85,30,16,1,0,132
Albany,,,28,12,10,1,0,51
Alburgh,,,33,20,22,1,0,76
Andover,,,17,9,8,0,0,34
Arlington,,,81,26,20,4,0,131
Athens,,,10,1,10,0,0,21
Bakersfield,,,12,5,1,0,0,18
Baltimore,,,3,1,5,0,0,9
Barnard,,,28,8,4,1,0,41
Barnet,,,31,10,12,1,0,54
"Barre City",-,"Washington 3-1",68,22,19,1,0,110
"Barre City",-,"Washington 3-2",37,22,19,0,0,78
"Barre City",-,"Washington 3-3",2,1,2,0,0,5
"Barre Town",,,267,69,52,6,0,394
Barton,-,"Barton Memorial",31,15,10,1,0,57
Barton,-,"Orleans Memorial",23,6,4,1,0,34
Belvidere,,,21,4,5,2,0,32
Bennington,-,"Bennington 2-1",113,35,20,1,0,169
Bennington,-,"Bennington 2-1 Nb",18,9,2,1,0,30
Bennington,-,"Bennington 2-2",141,28,27,4,0,200
Bennington,-,"Bennington 5",5,2,1,1,0,9
Benson,,,19,5,5,0,0,29
Berkshire,,,17,5,2,1,0,25
Berlin,,,45,23,9,2,0,79
Bethel,,,43,24,23,3,0,93
Bloomfield,,,3,2,4,0,0,9
Bolton,,,16,4,12,1,0,33
Bradford,,,52,28,70,2,0,152
Braintree,,,37,8,21,2,0,68
Brandon,,,280,95,33,0,0,408
Brattleboro,-,"Windham 3-1",74,15,14,1,0,104
Brattleboro,-,"Windham 3-2",51,16,15,1,0,83
Brattleboro,-,"Windham 3-3",43,5,6,0,0,54
Bridgewater,,,30,8,9,0,0,47
Bridport,,,53,31,14,0,0,98
Brighton,,,21,14,9,3,0,47
Bristol,,,106,34,15,0,0,155
Brookfield,,,44,9,21,0,0,74
Brookline,,,18,4,8,0,0,30
Brownington,,,14,9,7,0,0,30
Brunswick,,,6,0,1,2,0,9
Burke,,,52,18,31,3,0,104
Burlington,-,"Chittenden 3-1 Ward 4",80,54,15,1,0,150
Burlington,-,"Chittenden 3-1 Ward 7",35,19,5,2,0,61
Burlington,-,"Chittenden 3-2 Ward 2",2,0,1,0,0,3
Burlington,-,"Chittenden 3-2 Ward 3",0,1,0,0,0,1
Burlington,-,"Chittenden 3-2 Ward 4",24,11,2,0,0,37
Burlington,-,"Chittenden 3-2 Ward 7",38,22,5,0,0,65
Burlington,-,"Chittenden 3-3 Ward 2",8,3,2,0,0,13
Burlington,-,"Chittenden 3-3 Ward 3",20,8,2,0,0,30
Burlington,-,"Chittenden 3-3 Ward 5",3,0,0,0,0,3
Burlington,-,"Chittenden 3-3 Ward 6",3,1,0,0,0,4
Burlington,-,"Chittenden 3-3 Ward 7",6,1,1,0,0,8
Burlington,-,"Chittenden 3-4 Ward 1",9,21,2,0,0,32
Burlington,-,"Chittenden 3-4 Ward 2",5,0,2,0,0,7
Burlington,-,"Chittenden 3-4 Ward 6",2,1,0,0,0,3
Burlington,-,"Chittenden 3-5 Ward 5",59,39,511,1,0,610
Burlington,-,"Chittenden 3-5 Ward 6",36,13,4,0,0,53
Burlington,-,"Chittenden 3-6 Ward 1",7,5,1,0,0,13
Cabot,,,14,1,3,1,0,19
Calais,,,28,13,15,0,0,56
Cambridge,,,82,26,27,3,0,138
Canaan,,,21,9,19,0,0,49
Castleton,,,98,28,12,0,0,138
Cavendish,,,25,14,7,2,0,48
Charleston,,,15,5,4,0,0,24
Charlotte,,,56,22,3,0,0,81
Chelsea,,,97,6,21,3,0,127
Chester,,,66,20,24,0,0,110
Chittenden,,,29,29,5,0,0,63
Clarendon,,,60,47,5,0,0,112
Colchester,-,"Chittenden 7-1",61,37,6,0,0,104
Colchester,-,"Chittenden 7-2",71,42,10,0,0,123
Concord,,,16,5,9,1,0,31
Corinth,,,18,32,17,0,0,67
Cornwall,,,49,9,3,0,0,61
Coventry,,,13,14,7,1,0,35
Craftsbury,,,23,6,6,1,0,36
Danby,,,52,18,11,1,0,82
Danville,,,62,25,13,0,0,100
Derby,,,102,42,29,2,0,175
Dorset,,,75,8,8,0,0,91
Dover,,,107,14,23,0,0,144
Dummerston,,,48,5,8,0,0,61
Duxbury,,,18,12,5,0,0,35
"E. Haven",,,6,2,5,0,0,13
"E. Montpelier",,,92,34,21,1,0,148
Eden,,,48,6,17,2,0,73
Elmore,,,74,25,23,2,0,124
Enosburgh,,,17,9,2,1,0,29
Essex,-,"Chittenden 6-1",79,64,12,0,0,155
Essex,-,"Chittenden 6-2",82,86,14,0,0,182
Essex,-,"Chittenden 6-3",15,22,3,0,0,40
"Fair Haven",,,80,21,16,1,0,118
Fairfax,,,105,59,24,2,0,190
Fairfield,,,15,1,3,0,0,19
Fairlee,,,14,8,16,0,0,38
Fayston,,,24,3,8,0,0,35
Ferrisburgh,,,150,45,34,0,0,229
Fletcher,,,7,9,1,0,0,17
Franklin,,,23,9,6,0,0,38
Georgia,,,138,41,37,0,0,216
Glover,,,33,9,15,2,0,59
Goshen,,,20,4,2,0,0,26
Grafton,,,14,3,5,0,0,22
Granby,,,6,5,7,0,0,18
"Grand Isle",,,89,19,19,2,0,129
Granville,,,5,0,2,0,0,7
Greensboro,,,13,8,3,0,0,24
Groton,,,33,19,21,1,0,74
Guildhall,,,8,5,4,0,0,17
Guilford,,,37,6,15,1,0,59
Halifax,,,17,16,3,0,0,36
Hancock,,,13,2,5,1,0,21
Hardwick,,,103,43,58,2,0,206
Hartford,-,"Windsor 6-1",53,12,46,0,0,111
Hartford,-,"Windsor 6-2",130,50,120,2,0,302
Hartland,,,52,33,47,2,0,134
Highgate,,,31,11,18,0,0,60
Hinesburg,-,"Chittenden 1-1",48,25,10,0,0,83
Hinesburg,-,"Chittenden 1-2",2,0,0,0,0,2
Holland,,,9,10,2,0,0,21
Hubbardton,,,16,3,2,0,0,21
Huntington,,,8,8,7,0,0,23
"Hyde Park",,,269,58,75,11,0,413
Ira,-,"Rutland 1-1",7,14,2,0,0,23
Ira,-,"Rutland 1-2",1,0,0,0,0,1
Irasburg,,,38,19,6,4,0,67
"Isle La Motte",,,10,4,2,0,0,16
Jamaica,,,22,6,11,2,0,41
Jay,,,3,3,4,0,0,10
Jericho,,,60,57,20,0,0,137
Johnson,,,121,28,50,6,0,205
Killington,,,86,12,7,1,0,106
Kirby,,,18,6,11,1,0,36
Landgrove,,,12,0,0,0,0,12
Leicester,,,37,14,13,0,0,64
Lemington,,,8,0,4,1,0,13
Lincoln,,,48,9,18,0,0,75
Londonderry,,,38,6,3,2,0,49
Lowell,,,14,3,2,0,0,19
Ludlow,,,49,15,9,1,0,74
Lunenburg,,,19,10,14,0,0,43
Lyndon,,,218,85,119,7,0,429
Maidstone,,,7,0,6,0,0,13
Manchester,,,154,26,18,0,0,198
Marlboro,,,15,5,2,0,0,22
Marshfield,,,20,7,9,0,0,36
Mendon,,,57,39,3,0,0,99
Middlebury,,,144,49,17,2,0,212
Middlesex,,,57,24,14,1,0,96
"Middletown Springs",,,28,21,12,0,0,61
Milton,-,"Chittenden 9",89,56,25,0,0,170
Milton,-,"Grand Isle-Chittenden 1-1",26,12,3,0,0,41
Monkton,,,43,17,6,0,0,66
Montgomery,,,11,4,1,0,0,16
Montpelier,,,164,67,37,0,0,268
Moretown,,,48,5,10,2,0,65
Morgan,,,25,7,14,1,0,47
Morristown,,,343,110,159,24,0,636
"Mount Holly",,,37,17,3,0,0,57
"Mount Tabor",,,2,3,1,0,0,6
"New Haven",,,118,24,22,1,0,165
Newark,,,11,5,3,0,0,19
Newbury,-,"Center Town House",12,9,6,1,0,28
Newbury,-,"Town Office",24,6,23,0,0,53
Newbury,-,"West River Village",22,8,9,0,0,39
Newfane,,,46,8,17,1,0,72
"Newport City",,,130,77,40,9,0,256
"Newport Town",,,29,20,13,1,0,63
"N. Hero",,,59,8,10,2,0,79
Northfield,,,100,35,37,0,0,172
Norton,,,7,2,6,0,0,15
Norwich,,,19,5,22,0,0,46
Orange,,,35,15,5,0,0,55
Orwell,,,41,15,8,1,0,65
Panton,,,48,16,4,0,0,68
Pawlet,,,44,9,8,1,0,62
Peacham,,,16,5,6,0,0,27
Peru,,,23,1,2,1,0,27
Pittsfield,,,26,4,3,0,0,33
Pittsford,,,83,57,3,0,0,143
Plainfield,,,25,6,7,0,0,38
Plymouth,,,16,5,7,0,0,28
Pomfret,,,25,2,15,0,0,42
Poultney,,,79,32,10,2,0,123
Pownal,,,66,28,15,0,0,109
Proctor,,,44,22,3,0,0,69
Putney,,,42,18,7,0,0,67
Randolph,,,153,39,83,3,0,278
Reading,,,11,3,5,0,0,19
Readsboro,,,8,8,5,0,0,21
Richford,,,24,7,9,1,0,41
Richmond,,,52,41,9,0,0,102
Ripton,,,11,3,4,0,0,18
Rochester,,,34,12,11,0,0,57
Rockingham,,,56,18,22,3,0,99
Roxbury,,,15,7,10,2,0,34
Royalton,,,58,14,40,1,0,113
Rupert,,,18,5,12,0,0,35
"Rutland City",-,"Rutland 5-1",186,116,10,0,0,312
"Rutland City",-,"Rutland 5-2",127,66,9,1,0,203
"Rutland City",-,"Rutland 5-3",73,54,7,1,0,135
"Rutland City",-,"Rutland 5-4",147,95,3,2,0,247
"Rutland Town",,,301,175,19,0,0,495
Ryegate,,,28,5,8,1,0,42
Salisbury,,,25,9,6,0,0,40
Sandgate,,,5,6,7,0,0,18
Searsburg,,,4,2,5,0,0,11
Shaftsbury,,,139,39,32,1,0,211
Sharon,,,18,1,14,0,0,33
Sheffield,,,9,12,5,1,0,27
Shelburne,-,"Chittenden 5-1",79,42,23,0,0,144
Shelburne,-,"Chittenden 5-2",89,31,9,0,0,129
Sheldon,,,26,8,6,0,0,40
Shoreham,,,59,20,13,0,0,92
Shrewsbury,,,35,23,7,1,0,66
"S. Burlington",-,"Chittenden 3-10",46,21,7,1,0,75
"S. Burlington",-,"Chittenden 3-7",63,32,11,0,0,106
"S. Burlington",-,"Chittenden 3-8",67,32,10,0,0,109
"S. Burlington",-,"Chittenden 3-9",65,34,14,0,0,113
"S. Hero",,,66,39,12,12,0,129
Springfield,-,"Windsor 1-1",3,2,1,0,0,6
Springfield,-,"Windsor 1-2",389,101,256,4,0,750
"St. Albans City",,,117,49,20,2,0,188
"St. Albans Town",,,76,27,20,2,0,125
"St. George",,,8,4,0,0,0,12
"St. Johnsbury",,,109,39,34,3,0,185
Stamford,,,16,7,11,0,0,34
Stannard,,,7,0,4,0,0,11
Starksboro,,,23,13,10,0,0,46
Stockbridge,,,12,8,4,0,0,24
Stowe,,,257,29,59,0,0,345
Strafford,,,21,2,13,0,0,36
Stratton,,,6,0,2,0,0,8
Sudbury,,,25,11,5,0,0,41
Sunderland,,,18,3,5,0,0,26
Sutton,,,37,11,25,1,0,74
Swanton,,,124,33,30,3,0,190
Thetford,,,27,12,25,1,0,65
Tinmouth,,,9,16,4,0,0,29
Topsham,,,17,48,10,0,0,75
Townshend,,,56,8,21,2,0,87
Troy,,,9,11,5,1,0,26
Tunbridge,,,57,2,15,0,0,74
Underhill,,,50,40,11,0,0,101
Vergennes,,,111,35,32,5,0,183
Vernon,,,85,30,35,4,0,154
Vershire,,,14,2,10,0,0,26
Victory,,,2,1,4,0,0,7
Waitsfield,,,37,17,14,0,0,68
Walden,,,27,9,9,1,0,46
Wallingford,,,88,43,9,0,0,140
Waltham,,,35,10,11,0,0,56
Wardsboro,,,61,0,0,0,0,61
Warren,,,23,8,10,0,0,41
Washington,,,20,4,17,0,0,41
Waterbury,,,55,35,10,1,0,101
Waterford,,,36,10,8,1,0,55
Waterville,,,29,19,12,3,0,63
Weathersfield,,,48,13,32,0,0,93
Wells,,,29,7,2,0,0,38
"W. Fairlee",,,11,4,12,0,0,27
"W. Haven",,,11,1,0,0,0,12
"W. Rutland",,,45,35,1,0,0,81
"W. Windsor",,,18,6,18,0,0,42
Westfield,,,9,10,4,0,0,23
Westford,,,25,24,2,0,0,51
Westminster,-,"Windham Ward 4",6,0,5,0,0,11
Westminster,-,"Windham Ward 5",55,10,28,0,0,93
Westmore,,,7,4,2,0,0,13
Weston,,,28,1,4,0,0,33
Weybridge,,,34,7,1,0,0,42
Wheelock,,,6,3,7,1,0,17
Whiting,,,18,2,6,0,0,26
Whitingham,,,34,34,6,0,0,74
Williamstown,,,55,21,15,1,0,92
Williston,,,130,52,16,0,0,198
Wilmington,,,62,22,22,1,0,107
Windham,,,11,1,4,1,0,17
Windsor,,,40,16,38,0,0,94
Winhall,,,38,2,5,0,0,45
Winooski,,,33,41,3,0,0,77
Wolcott,,,46,19,23,6,0,94
Woodbury,,,21,17,15,1,0,54
Woodford,,,8,3,1,0,0,12
Woodstock,,,83,9,20,0,0,112
Worcester,,,33,10,8,1,0,52
TOTALS,,,"14,105","5,467","4,643",252,0,"24,467"
