City/Town,Ward,Pct,"Richard A. Westman",Write-Ins,Blanks,"Total Votes Cast"
,,,
Belvidere,,,9,0,0,9
Cambridge,,,48,0,0,48
Eden,,,12,0,0,12
Elmore,,,12,0,1,13
"Hyde Park",,,30,1,5,36
Johnson,,,24,2,9,35
Morristown,,,66,0,7,73
Stowe,,,34,0,4,38
Waterville,,,7,0,3,10
TOTALS,,,242,3,29,274
