City/Town,Ward,Pct,"Don Schramm",Write-Ins,Blanks,"Total Votes Cast"
,,,
Albany,,,3,1,3,7
Alburgh,,,1,0,1,2
Andover,,,1,0,0,1
Athens,,,0,0,2,2
Bakersfield,,,0,0,1,1
Barnard,,,1,0,0,1
Barnet,,,2,1,1,4
"Barre City",,,6,1,2,9
"Barre Town",,,0,1,0,1
Barton,,,1,0,2,3
Bennington,-,"Bennington 2-1",3,0,1,4
Bennington,-,"Bennington 2-2",2,0,1,3
Benson,,,0,0,1,1
Berlin,,,0,1,2,3
Bethel,,,0,0,2,2
Brattleboro,-,"Windham 2-1",3,2,1,6
Brattleboro,-,"Windham 2-2",4,0,2,6
Brattleboro,-,"Windham 2-3",6,3,4,13
Bridgewater,,,0,0,1,1
Bridport,,,1,0,1,2
Brighton,,,0,0,1,1
Bristol,,,2,0,1,3
Brookline,,,0,0,1,1
Burke,,,2,0,1,3
Burlington,-,"Chittenden 6-1",2,0,2,4
Burlington,-,"Chittenden 6-2",6,0,3,9
Burlington,-,"Chittenden 6-3",26,2,6,34
Burlington,-,"Chittenden 6-4",10,0,4,14
Burlington,-,"Chittenden 6-5",7,0,4,11
Burlington,-,"Chittenden 6-6",0,0,0,0
Burlington,-,"Chittenden 6-7",0,0,0,0
Cabot,,,2,0,2,4
Calais,,,9,2,3,14
Cambridge,,,0,1,0,1
Canaan,,,1,0,0,1
Castleton,,,3,0,2,5
Charleston,,,2,0,0,2
Charlotte,,,3,0,8,11
Chelsea,,,1,0,0,1
Chester,,,1,0,0,1
Clarendon,,,2,0,2,4
Colchester,-,"Chittenden 9-1",0,0,0,0
Colchester,-,"Chittenden 9-2",1,0,0,1
Concord,,,2,0,4,6
Corinth,,,4,0,4,8
Cornwall,,,0,0,2,2
Coventry,,,1,0,0,1
Craftsbury,,,9,1,26,36
Danby,,,4,0,4,8
Danville,,,0,0,2,2
Derby,,,7,2,1,10
Dorset,,,1,0,1,2
Dover,,,2,0,2,4
Dummerston,,,2,1,4,7
Duxbury,,,1,0,2,3
"E. Haven",,,0,0,1,1
"E. Montpelier",,,4,0,1,5
Eden,,,0,0,3,3
Elmore,,,3,0,1,4
Enosburgh,,,15,0,7,22
Essex,-,"Chittenden 8-1",2,0,0,2
Essex,-,"Chittenden 8-2",3,0,0,3
Essex,-,"Chittenden 8-3",1,0,3,4
Fairfax,,,2,0,1,3
Fairfield,,,0,0,2,2
Fayston,,,1,0,0,1
Ferrisburgh,,,2,0,1,3
Fletcher,,,2,0,1,3
Franklin,,,2,0,4,6
Glover,,,3,0,3,6
Grafton,,,1,0,0,1
"Grand Isle",,,3,0,0,3
Greensboro,,,4,0,2,6
Groton,,,1,0,0,1
Halifax,,,1,0,0,1
Hancock,,,2,0,0,2
Hardwick,,,4,0,6,10
Hartford,-,"Windsor 4-1",2,0,0,2
Hartford,-,"Windsor 4-2",7,1,1,9
Hartland,,,1,0,2,3
Highgate,,,1,0,0,1
Hinesburg,-,"Chittenden 4-1",0,0,0,0
Hinesburg,-,"Chittenden 4-2",4,0,1,5
Holland,,,0,0,1,1
Hubbardton,,,1,0,3,4
Huntington,,,2,0,2,4
"Hyde Park",,,1,0,0,1
Ira,,,1,0,6,7
Irasburg,,,1,0,4,5
"Isle La Motte",,,2,0,0,2
Jay,,,0,0,1,1
Jericho,,,2,0,2,4
Johnson,,,1,0,1,2
Lincoln,,,4,0,0,4
Londonderry,,,2,1,6,9
Lowell,,,3,3,4,10
Manchester,,,0,0,1,1
Marlboro,,,3,1,1,5
Marshfield,,,4,0,2,6
Mendon,,,0,0,2,2
Middlebury,,,4,3,3,10
Middlesex,,,6,1,3,10
"Middletown Springs",,,3,0,1,4
Milton,-,"Chittenden 10",1,0,2,3
Milton,-,"Grand Isle-Chittenden",0,0,0,0
Monkton,,,3,0,0,3
Montgomery,,,2,0,0,2
Montpelier,,,29,4,14,47
Moretown,,,1,0,0,1
Morgan,,,0,0,2,2
Morristown,,,2,0,2,4
"New Haven",,,1,0,1,2
Newark,,,2,0,6,8
Newbury,,,0,0,5,5
Newfane,,,0,0,1,1
"Newport City",,,4,0,1,5
"Newport Town",,,1,0,1,2
Northfield,,,2,0,1,3
Norwich,,,7,0,2,9
Orange,,,0,0,2,2
Pawlet,,,0,0,1,1
Peacham,,,0,0,2,2
Pittsfield,,,0,0,1,1
Pittsford,,,2,0,13,15
Plainfield,,,2,0,1,3
Plymouth,,,1,0,0,1
Poultney,,,2,0,2,4
Proctor,,,3,0,0,3
Putney,,,5,0,1,6
Randolph,,,1,0,1,2
Richford,,,4,0,0,4
Richmond,,,1,0,0,1
Ripton,,,3,1,3,7
Rochester,,,7,0,2,9
Rockingham,,,3,0,1,4
Royalton,,,3,0,0,3
Rupert,,,1,0,0,1
"Rutland City",-,"Rutland 5-1",0,0,3,3
"Rutland City",-,"Rutland 5-2",2,0,0,2
"Rutland City",-,"Rutland 5-3",1,1,0,2
"Rutland City",-,"Rutland 5-4",0,0,0,0
"Rutland Town",,,1,0,3,4
Ryegate,,,1,0,1,2
Salisbury,,,0,0,2,2
Sandgate,,,0,0,1,1
Sharon,,,1,0,1,2
Sheffield,,,0,0,2,2
Shelburne,-,"Chittenden 5-1",2,0,0,2
Shelburne,-,"Chittenden 5-2",1,0,1,2
Sheldon,,,1,1,0,2
Shoreham,,,0,0,1,1
"S. Burlington",-,"Chittenden 7-1",1,0,3,4
"S. Burlington",-,"Chittenden 7-2",2,1,5,8
"S. Burlington",-,"Chittenden 7-3",2,0,1,3
"S. Burlington",-,"Chittenden 7-4",1,0,2,3
"S. Hero",,,0,0,2,2
Springfield,-,"Windsor 3-1",0,0,0,0
Springfield,-,"Windsor 3-2",2,0,0,2
"St. Albans City",,,2,0,0,2
"St. Albans Town",-,"Franklin 3-1",0,0,0,0
"St. Albans Town",-,"Franklin 3-2",1,0,0,1
"St. Johnsbury",,,2,1,1,4
Stamford,,,1,0,1,2
Stannard,,,0,0,1,1
Starksboro,,,0,0,1,1
Stockbridge,,,1,0,0,1
Stowe,,,0,0,1,1
Strafford,,,0,0,1,1
Sunderland,-,"Bennington 3",0,0,0,0
Sunderland,-,"Bennington 4",1,0,0,1
Sutton,,,1,1,4,6
Swanton,,,0,0,1,1
Thetford,,,0,0,1,1
Tinmouth,-,"Rutland 2",0,0,0,0
Tinmouth,-,Rutland-Bennington,3,0,4,7
Townshend,,,2,0,0,2
Troy,-,"Orleans 2",0,0,0,0
Troy,-,Orleans-Lamoille,1,0,2,3
Tunbridge,,,2,0,0,2
Underhill,,,5,0,0,5
Vernon,,,2,0,1,3
Vershire,,,1,1,1,3
Waitsfield,,,1,1,4,6
Walden,,,1,1,7,9
Wallingford,,,1,1,3,5
Waltham,,,1,0,0,1
Warren,,,1,0,1,2
Washington,,,3,0,0,3
Waterbury,,,4,1,3,8
Waterville,,,0,0,1,1
Weathersfield,,,4,0,0,4
Wells,,,1,0,0,1
"W. Fairlee",,,1,0,0,1
"W. Rutland",,,6,1,0,7
"W. Windsor",,,1,0,0,1
Westfield,,,4,1,8,13
Westford,,,1,0,0,1
Westminster,-,"Windham 3",0,0,0,0
Westminster,-,"Windham 4",3,0,4,7
Weston,,,1,0,0,1
Wheelock,,,1,0,0,1
Whitingham,-,"Windham 6",1,0,0,1
Whitingham,-,Windham-Bennington,0,0,0,0
Williamstown,,,3,0,1,4
Williston,,,3,0,4,7
Wilmington,,,1,0,1,2
Windham,,,0,0,1,1
Windsor,,,2,0,0,2
Winhall,,,1,0,2,3
Winooski,,,9,1,6,16
Wolcott,,,3,1,4,8
Woodbury,,,2,0,3,5
Woodstock,,,1,0,2,3
Worcester,,,1,0,0,1
TOTALS,,,456,48,374,878
