City/Town,Ward,Pct,"Wendy Wilton",Write-Ins,Blanks,"Total Votes Cast"
,,,
Addison,,,32,0,3,35
Albany,,,21,1,9,31
Alburgh,,,83,0,22,105
Andover,,,17,0,1,18
Arlington,,,25,0,2,27
Athens,,,9,0,2,11
Bakersfield,,,26,0,10,36
Baltimore,,,10,0,0,10
Barnard,,,26,0,4,30
Barnet,,,41,0,8,49
"Barre City",,,115,2,19,136
"Barre Town",,,162,1,24,187
Barton,,,27,0,8,35
Belvidere,,,9,0,0,9
Bennington,-,"Bennington 2-1",25,0,6,31
Bennington,-,"Bennington 2-2",35,0,8,43
Benson,,,23,0,1,24
Berkshire,,,53,1,19,73
Berlin,,,55,4,16,75
Bethel,,,18,1,3,22
Bloomfield,,,1,0,0,1
Bolton,,,13,0,1,14
Bradford,,,34,0,4,38
Braintree,,,12,0,3,15
Brandon,,,77,0,15,92
Brattleboro,-,"Windham 2-1",34,1,6,41
Brattleboro,-,"Windham 2-2",27,1,2,30
Brattleboro,-,"Windham 2-3",18,0,2,20
Bridgewater,,,10,0,1,11
Bridport,,,30,0,4,34
Brighton,,,22,1,10,33
Bristol,,,45,1,2,48
Brookfield,,,5,0,0,5
Brookline,,,12,0,2,14
Brownington,,,10,1,5,16
Brunswick,,,8,0,3,11
Burke,,,26,0,2,28
Burlington,-,"Chittenden 6-1",107,0,24,131
Burlington,-,"Chittenden 6-2",19,0,3,22
Burlington,-,"Chittenden 6-3",19,0,7,26
Burlington,-,"Chittenden 6-4",14,0,5,19
Burlington,-,"Chittenden 6-5",31,0,11,42
Burlington,-,"Chittenden 6-6",3,0,2,5
Burlington,-,"Chittenden 6-7",0,0,0,0
Cabot,,,10,0,4,14
Calais,,,18,0,4,22
Cambridge,,,41,0,7,48
Canaan,,,19,0,9,28
Castleton,,,42,0,7,49
Cavendish,,,48,0,6,54
Charleston,,,25,0,2,27
Charlotte,,,29,1,7,37
Chelsea,,,34,0,6,40
Chester,,,43,0,7,50
Chittenden,,,17,0,0,17
Clarendon,,,30,0,1,31
Colchester,-,"Chittenden 9-1",51,0,11,62
Colchester,-,"Chittenden 9-2",71,0,18,89
Concord,,,99,1,86,186
Corinth,,,21,1,4,26
Cornwall,,,11,0,2,13
Coventry,,,21,0,9,30
Craftsbury,,,20,0,7,27
Danby,,,93,0,17,110
Danville,,,26,1,7,34
Derby,,,51,1,14,66
Dorset,,,27,0,1,28
Dover,,,47,0,10,57
Dummerston,,,20,0,3,23
Duxbury,,,16,0,3,19
"E. Haven",,,6,0,1,7
"E. Montpelier",,,36,0,10,46
Eden,,,8,0,4,12
Elmore,,,8,0,5,13
Enosburgh,,,46,3,30,79
Essex,-,"Chittenden 8-1",61,0,17,78
Essex,-,"Chittenden 8-2",61,2,14,77
Essex,-,"Chittenden 8-3",17,0,9,26
"Fair Haven",,,48,0,5,53
Fairfax,,,77,1,34,112
Fairfield,,,24,0,9,33
Fairlee,,,17,1,4,22
Fayston,,,9,0,3,12
Ferrisburgh,,,32,0,0,32
Fletcher,,,12,0,4,16
Franklin,,,46,0,28,74
Georgia,,,105,0,43,148
Glover,,,23,1,3,27
Goshen,,,11,0,0,11
Grafton,,,24,0,3,27
Granby,,,14,0,5,19
"Grand Isle",,,35,0,3,38
Granville,,,2,0,0,2
Greensboro,,,13,0,0,13
Groton,,,25,0,1,26
Guildhall,,,26,0,22,48
Guilford,,,16,1,2,19
Halifax,,,15,0,2,17
Hancock,,,2,0,0,2
Hardwick,,,16,1,2,19
Hartford,-,"Windsor 4-1",13,0,1,14
Hartford,-,"Windsor 4-2",57,2,5,64
Hartland,,,42,0,8,50
Highgate,,,108,3,26,137
Hinesburg,-,"Chittenden 4-1",0,0,0,0
Hinesburg,-,"Chittenden 4-2",22,0,9,31
Holland,,,8,0,3,11
Hubbardton,,,15,0,1,16
Huntington,,,17,0,3,20
"Hyde Park",,,26,1,10,37
Ira,,,12,0,0,12
Irasburg,,,18,2,6,26
"Isle La Motte",,,6,0,3,9
Jamaica,,,8,0,2,10
Jay,,,10,0,0,10
Jericho,,,77,0,14,91
Johnson,,,21,0,14,35
Killington,,,14,0,2,16
Kirby,,,28,0,12,40
Landgrove,,,1,0,1,2
Leicester,,,14,0,2,16
Lemington,,,2,0,3,5
Lincoln,,,20,0,4,24
Londonderry,,,14,0,1,15
Lowell,,,17,1,9,27
Ludlow,,,30,0,3,33
Lunenburg,,,121,3,56,180
Lyndon,,,84,0,13,97
Maidstone,,,16,0,4,20
Manchester,,,50,0,4,54
Marlboro,,,9,0,1,10
Marshfield,,,14,1,2,17
Mendon,,,19,0,4,23
Middlebury,,,39,0,10,49
Middlesex,,,21,0,7,28
"Middletown Springs",,,19,0,2,21
Milton,-,"Chittenden 10",145,1,292,438
Milton,-,"Grand Isle-Chittenden",24,0,4,28
Monkton,,,15,0,1,16
Montgomery,,,16,0,2,18
Montpelier,,,59,1,6,66
Moretown,,,25,0,5,30
Morgan,,,21,0,2,23
Morristown,,,60,2,11,73
"Mount Holly",,,32,1,2,35
"Mount Tabor",,,1,0,0,1
"New Haven",,,35,0,1,36
Newark,,,8,0,8,16
Newbury,,,40,0,10,50
Newfane,,,15,0,4,19
"Newport City",,,62,4,13,79
"Newport Town",,,8,1,8,17
"N. Hero",,,18,0,5,23
Northfield,,,44,0,15,59
Norton,,,11,1,0,12
Norwich,,,27,0,10,37
Orange,,,24,1,3,28
Orwell,,,34,0,3,37
Panton,,,13,1,0,14
Pawlet,,,21,1,1,23
Peacham,,,15,0,2,17
Peru,,,14,0,2,16
Pittsfield,,,4,0,1,5
Pittsford,,,48,0,8,56
Plainfield,,,9,0,1,10
Plymouth,,,16,3,1,20
Pomfret,,,11,0,4,15
Poultney,,,35,0,5,40
Pownal,,,23,0,3,26
Proctor,,,12,1,0,13
Putney,,,17,0,1,18
Randolph,,,53,0,2,55
Reading,,,10,0,0,10
Readsboro,,,15,0,2,17
Richford,,,26,0,12,38
Richmond,,,48,0,11,59
Ripton,,,8,0,1,9
Rochester,,,15,1,3,19
Rockingham,,,47,1,4,52
Roxbury,,,8,0,2,10
Royalton,,,27,0,14,41
Rupert,,,9,0,4,13
"Rutland City",-,"Rutland 5-1",48,0,8,56
"Rutland City",-,"Rutland 5-2",50,1,10,61
"Rutland City",-,"Rutland 5-3",21,1,4,26
"Rutland City",-,"Rutland 5-4",46,0,5,51
"Rutland Town",,,124,1,17,142
Ryegate,,,15,0,2,17
Salisbury,,,10,0,1,11
Sandgate,,,5,0,1,6
Searsburg,,,2,0,1,3
Shaftsbury,,,27,1,5,33
Sharon,,,20,0,7,27
Sheffield,,,9,0,3,12
Shelburne,-,"Chittenden 5-1",78,2,16,96
Shelburne,-,"Chittenden 5-2",61,0,9,70
Sheldon,,,38,0,8,46
Shoreham,,,13,0,2,15
Shrewsbury,,,26,0,2,28
"S. Burlington",-,"Chittenden 7-1",39,1,10,50
"S. Burlington",-,"Chittenden 7-2",71,0,12,83
"S. Burlington",-,"Chittenden 7-3",36,2,14,52
"S. Burlington",-,"Chittenden 7-4",66,0,13,79
"S. Hero",,,31,0,7,38
Springfield,-,"Windsor 3-1",2,0,0,2
Springfield,-,"Windsor 3-2",77,0,7,84
"St. Albans City",,,226,5,78,309
"St. Albans Town",-,"Franklin 3-1",102,1,20,123
"St. Albans Town",-,"Franklin 3-2",164,1,45,210
"St. George",,,5,1,2,8
"St. Johnsbury",,,73,0,10,83
Stamford,,,9,1,1,11
Stannard,,,2,0,0,2
Starksboro,,,31,0,1,32
Stockbridge,,,13,0,1,14
Stowe,,,33,0,5,38
Strafford,,,15,0,1,16
Stratton,,,4,0,0,4
Sudbury,,,16,0,3,19
Sunderland,-,"Bennington 3",0,0,0,0
Sunderland,-,"Bennington 4",6,0,1,7
Sutton,,,11,0,8,19
Swanton,,,194,2,45,241
Thetford,,,9,2,4,15
Tinmouth,-,"Rutland 2",2,0,0,2
Tinmouth,-,Rutland-Bennington,8,0,0,8
Topsham,,,22,0,6,28
Townshend,,,19,0,2,21
Troy,-,"Orleans 2",7,0,2,9
Troy,-,Orleans-Lamoille,7,0,3,10
Tunbridge,,,24,0,5,29
Underhill,,,45,0,1,46
Vergennes,,,20,0,8,28
Vernon,,,51,0,10,61
Vershire,,,8,0,2,10
Victory,,,6,0,4,10
Waitsfield,,,25,0,2,27
Walden,,,17,0,2,19
Wallingford,,,34,0,3,37
Waltham,,,0,0,2,2
Wardsboro,,,9,0,2,11
Warren,,,11,0,5,16
Washington,,,22,0,5,27
Waterbury,,,39,0,9,48
Waterford,,,14,0,5,19
Waterville,,,6,0,4,10
Weathersfield,,,39,0,4,43
Wells,,,11,0,2,13
"W. Fairlee",,,5,0,1,6
"W. Haven",,,7,0,0,7
"W. Rutland",,,27,0,5,32
"W. Windsor",,,15,0,6,21
Westfield,,,8,1,6,15
Westford,,,19,0,0,19
Westminster,-,"Windham 3",0,0,1,1
Westminster,-,"Windham 4",28,0,3,31
Westmore,,,5,0,4,9
Weston,,,13,0,5,18
Weybridge,,,7,0,4,11
Wheelock,,,12,1,2,15
Whiting,,,15,0,1,16
Whitingham,-,"Windham 6",18,0,1,19
Whitingham,-,Windham-Bennington,2,0,0,2
Williamstown,,,53,6,8,67
Williston,,,90,2,23,115
Wilmington,,,23,0,6,29
Windham,,,6,0,0,6
Windsor,,,40,0,3,43
Winhall,,,14,0,3,17
Winooski,,,33,0,11,44
Wolcott,,,15,0,7,22
Woodbury,,,22,0,5,27
Woodford,,,0,0,1,1
Woodstock,,,55,2,14,71
Worcester,,,7,0,3,10
TOTALS,,,"8,187",97,"2,128","10,412"
